9.5°
    0.3000   -0.0000    0.2899
    0.2998   -0.0000    0.2484
    0.2995   -0.0001    0.2212
    0.2991   -0.0001    0.2016
    0.2985   -0.0002    0.1863
    0.2977   -0.0003    0.1738
    0.2969   -0.0004    0.1633
    0.2958   -0.0005    0.1543
    0.2946   -0.0006    0.1464
    0.2933   -0.0008    0.1395
    0.2919   -0.0010    0.1334
    0.2903   -0.0012    0.1279
    0.2885   -0.0014    0.1229
    0.2867   -0.0016    0.1185
    0.2846   -0.0018    0.1145
    0.2825   -0.0021    0.1109
    0.2802   -0.0023    0.1076
    0.2778   -0.0026    0.1046
    0.2753   -0.0029    0.1020
    0.2726   -0.0031    0.0996
    0.2698   -0.0034    0.0975
    0.2670   -0.0037    0.0957
    0.2639   -0.0041    0.0940
    0.2608   -0.0044    0.0926
    0.2576   -0.0047    0.0914
    0.2542   -0.0050    0.0903
    0.2508   -0.0054    0.0895
    0.2473   -0.0057    0.0888
    0.2436   -0.0060    0.0883
    0.2399   -0.0064    0.0879
    0.2361   -0.0067    0.0877
    0.2322   -0.0071    0.0877
    0.2282   -0.0074    0.0877
    0.2241   -0.0078    0.0880
    0.2200   -0.0081    0.0883
    0.2158   -0.0084    0.0888
    0.2115   -0.0088    0.0895
    0.2071   -0.0091    0.0903
    0.2028   -0.0094    0.0912
    0.1983   -0.0098    0.0922
    0.1938   -0.0101    0.0934
    0.1893   -0.0104    0.0947
    0.1847   -0.0107    0.0962
    0.1801   -0.0110    0.0978
    0.1755   -0.0112    0.0996
    0.1708   -0.0115    0.1015
    0.1661   -0.0118    0.1037
    0.1614   -0.0120    0.1060
    0.1567   -0.0122    0.1085
    0.1520   -0.0124    0.1112
    0.1473   -0.0126    0.1141
    0.1426   -0.0128    0.1173
    0.1379   -0.0130    0.1207
    0.1332   -0.0131    0.1244
    0.1285   -0.0132    0.1284
    0.1238   -0.0133    0.1327
    0.1192   -0.0134    0.1373
    0.1146   -0.0135    0.1423
    0.1100   -0.0135    0.1476
    0.1055   -0.0135    0.1534
    0.1010   -0.0135    0.1596
    0.0966   -0.0135    0.1662
    0.0922   -0.0134    0.1734
    0.0879   -0.0133    0.1811
    0.0836   -0.0132    0.1894
    0.0794   -0.0131    0.1982
    0.0753   -0.0129    0.2078
    0.0712   -0.0127    0.2180
    0.0673   -0.0124    0.2291
    0.0634   -0.0122    0.2411
    0.0596   -0.0119    0.2544
    0.0559   -0.0116    0.2687
    0.0523   -0.0113    0.2831
    0.0489   -0.0109    0.2974
    0.0456   -0.0106    0.3116
    0.0424   -0.0102    0.3256
    0.0394   -0.0099    0.3393
    0.0364   -0.0096    0.3529
    0.0336   -0.0092    0.3663
    0.0309   -0.0089    0.3797
    0.0283   -0.0086    0.3931
    0.0259   -0.0083    0.4067
    0.0235   -0.0080    0.4206
    0.0212   -0.0077    0.4348
    0.0191   -0.0074    0.4495
    0.0170   -0.0071    0.4648
    0.0151   -0.0068    0.4806
    0.0132   -0.0065    0.4968
    0.0115   -0.0061    0.5130
    0.0099   -0.0058    0.5285
    0.0084   -0.0054    0.5417
    0.0070   -0.0050    0.5501
    0.0057   -0.0046    0.5493
    0.0045   -0.0041    0.5319
    0.0035   -0.0036    0.4858
    0.0025   -0.0031    0.3933
    0.0017   -0.0025    0.2302
    0.0011   -0.0018   -0.0283
    0.0005   -0.0011   -0.3945
    0.0002   -0.0004   -0.8493
   -0.0001    0.0004   -1.3395
   -0.0002    0.0012   -1.7890
   -0.0001    0.0021   -2.1170
    0.0001    0.0030   -2.3006
    0.0005    0.0040   -2.3655
    0.0011    0.0049   -2.3531
    0.0018    0.0059   -2.2985
    0.0027    0.0069   -2.2252
    0.0037    0.0080   -2.1461
    0.0049    0.0090   -2.0680
    0.0063    0.0101   -1.9936
    0.0079    0.0111   -1.9234
    0.0096    0.0121   -1.8573
    0.0115    0.0131   -1.7944
    0.0136    0.0141   -1.7338
    0.0158    0.0151   -1.6747
    0.0182    0.0160   -1.6162
    0.0208    0.0169   -1.5577
    0.0234    0.0177   -1.4988
    0.0262    0.0184   -1.4393
    0.0292    0.0191   -1.3791
    0.0323    0.0198   -1.3181
    0.0355    0.0203   -1.2567
    0.0388    0.0208   -1.1952
    0.0422    0.0212   -1.1339
    0.0457    0.0216   -1.0736
    0.0492    0.0219   -1.0148
    0.0529    0.0222   -0.9584
    0.0566    0.0223   -0.9057
    0.0603    0.0225   -0.8587
    0.0641    0.0226   -0.8176
    0.0680    0.0227   -0.7803
    0.0720    0.0228   -0.7458
    0.0761    0.0228   -0.7137
    0.0802    0.0228   -0.6834
    0.0844    0.0227   -0.6549
    0.0887    0.0227   -0.6278
    0.0930    0.0226   -0.6020
    0.0974    0.0224   -0.5775
    0.1018    0.0223   -0.5540
    0.1063    0.0221   -0.5315
    0.1108    0.0219   -0.5099
    0.1154    0.0217   -0.4891
    0.1200    0.0214   -0.4692
    0.1246    0.0211   -0.4500
    0.1292    0.0208   -0.4315
    0.1339    0.0205   -0.4136
    0.1386    0.0201   -0.3963
    0.1433    0.0198   -0.3797
    0.1480    0.0194   -0.3636
    0.1527    0.0190   -0.3480
    0.1574    0.0185   -0.3329
    0.1621    0.0181   -0.3182
    0.1668    0.0177   -0.3040
    0.1714    0.0172   -0.2902
    0.1761    0.0167   -0.2768
    0.1807    0.0162   -0.2638
    0.1853    0.0158   -0.2511
    0.1899    0.0153   -0.2388
    0.1944    0.0147   -0.2267
    0.1988    0.0142   -0.2149
    0.2033    0.0137   -0.2034
    0.2076    0.0132   -0.1922
    0.2120    0.0127   -0.1811
    0.2162    0.0122   -0.1703
    0.2204    0.0116   -0.1596
    0.2245    0.0111   -0.1492
    0.2286    0.0106   -0.1388
    0.2325    0.0101   -0.1286
    0.2364    0.0095   -0.1185
    0.2402    0.0090   -0.1086
    0.2439    0.0085   -0.0987
    0.2476    0.0080   -0.0888
    0.2511    0.0075   -0.0791
    0.2545    0.0070   -0.0693
    0.2578    0.0066   -0.0596
    0.2610    0.0061   -0.0499
    0.2642    0.0056   -0.0401
    0.2671    0.0052   -0.0304
    0.2700    0.0048   -0.0206
    0.2728    0.0043   -0.0107
    0.2754    0.0039   -0.0007
    0.2779    0.0036    0.0093
    0.2803    0.0032    0.0195
    0.2826    0.0028    0.0298
    0.2847    0.0025    0.0404
    0.2867    0.0022    0.0511
    0.2886    0.0019    0.0621
    0.2903    0.0016    0.0734
    0.2919    0.0013    0.0851
    0.2934    0.0011    0.0973
    0.2947    0.0009    0.1101
    0.2959    0.0007    0.1235
    0.2969    0.0005    0.1380
    0.2978    0.0004    0.1536
    0.2985    0.0003    0.1710
    0.2991    0.0002    0.1909
    0.2995    0.0001    0.2147
    0.2998    0.0000    0.2454
    0.3000    0.0000    0.2899