8.5°
    0.3000   -0.0000    0.2883
    0.2998   -0.0000    0.2463
    0.2995   -0.0001    0.2188
    0.2991   -0.0001    0.1989
    0.2985   -0.0002    0.1832
    0.2977   -0.0003    0.1705
    0.2969   -0.0004    0.1597
    0.2958   -0.0005    0.1503
    0.2946   -0.0006    0.1422
    0.2933   -0.0008    0.1350
    0.2919   -0.0010    0.1285
    0.2903   -0.0012    0.1227
    0.2885   -0.0014    0.1174
    0.2867   -0.0016    0.1127
    0.2846   -0.0018    0.1083
    0.2825   -0.0021    0.1044
    0.2802   -0.0023    0.1008
    0.2778   -0.0026    0.0975
    0.2753   -0.0029    0.0945
    0.2726   -0.0031    0.0918
    0.2698   -0.0034    0.0894
    0.2670   -0.0037    0.0872
    0.2639   -0.0041    0.0852
    0.2608   -0.0044    0.0834
    0.2576   -0.0047    0.0818
    0.2542   -0.0050    0.0804
    0.2508   -0.0054    0.0792
    0.2473   -0.0057    0.0781
    0.2436   -0.0060    0.0772
    0.2399   -0.0064    0.0765
    0.2361   -0.0067    0.0759
    0.2322   -0.0071    0.0754
    0.2282   -0.0074    0.0751
    0.2241   -0.0078    0.0749
    0.2200   -0.0081    0.0749
    0.2158   -0.0084    0.0750
    0.2115   -0.0088    0.0752
    0.2071   -0.0091    0.0755
    0.2028   -0.0094    0.0760
    0.1983   -0.0098    0.0766
    0.1938   -0.0101    0.0773
    0.1893   -0.0104    0.0781
    0.1847   -0.0107    0.0791
    0.1801   -0.0110    0.0803
    0.1755   -0.0112    0.0815
    0.1708   -0.0115    0.0830
    0.1661   -0.0118    0.0846
    0.1614   -0.0120    0.0863
    0.1567   -0.0122    0.0883
    0.1520   -0.0124    0.0904
    0.1473   -0.0126    0.0928
    0.1426   -0.0128    0.0954
    0.1379   -0.0130    0.0982
    0.1332   -0.0131    0.1013
    0.1285   -0.0132    0.1047
    0.1238   -0.0133    0.1083
    0.1192   -0.0134    0.1123
    0.1146   -0.0135    0.1166
    0.1100   -0.0135    0.1213
    0.1055   -0.0135    0.1264
    0.1010   -0.0135    0.1319
    0.0966   -0.0135    0.1379
    0.0922   -0.0134    0.1444
    0.0879   -0.0133    0.1514
    0.0836   -0.0132    0.1590
    0.0794   -0.0131    0.1672
    0.0753   -0.0129    0.1761
    0.0712   -0.0127    0.1857
    0.0673   -0.0124    0.1962
    0.0634   -0.0122    0.2076
    0.0596   -0.0119    0.2204
    0.0559   -0.0116    0.2343
    0.0523   -0.0113    0.2485
    0.0489   -0.0109    0.2626
    0.0456   -0.0106    0.2766
    0.0424   -0.0102    0.2904
    0.0394   -0.0099    0.3039
    0.0364   -0.0096    0.3173
    0.0336   -0.0092    0.3305
    0.0309   -0.0089    0.3437
    0.0283   -0.0086    0.3569
    0.0259   -0.0083    0.3703
    0.0235   -0.0080    0.3840
    0.0212   -0.0077    0.3983
    0.0191   -0.0074    0.4132
    0.0170   -0.0071    0.4289
    0.0151   -0.0068    0.4455
    0.0132   -0.0065    0.4631
    0.0115   -0.0061    0.4817
    0.0099   -0.0058    0.5008
    0.0084   -0.0054    0.5197
    0.0070   -0.0050    0.5366
    0.0057   -0.0046    0.5486
    0.0045   -0.0041    0.5501
    0.0035   -0.0036    0.5317
    0.0025   -0.0031    0.4788
    0.0017   -0.0025    0.3704
    0.0011   -0.0018    0.1825
    0.0005   -0.0011   -0.1008
    0.0002   -0.0004   -0.4711
   -0.0001    0.0004   -0.8890
   -0.0002    0.0012   -1.2913
   -0.0001    0.0021   -1.6053
    0.0001    0.0030   -1.8033
    0.0005    0.0040   -1.8998
    0.0011    0.0049   -1.9260
    0.0018    0.0059   -1.9107
    0.0027    0.0069   -1.8740
    0.0037    0.0080   -1.8278
    0.0049    0.0090   -1.7786
    0.0063    0.0101   -1.7296
    0.0079    0.0111   -1.6818
    0.0096    0.0121   -1.6354
    0.0115    0.0131   -1.5900
    0.0136    0.0141   -1.5452
    0.0158    0.0151   -1.5002
    0.0182    0.0160   -1.4547
    0.0208    0.0169   -1.4080
    0.0234    0.0177   -1.3601
    0.0262    0.0184   -1.3107
    0.0292    0.0191   -1.2597
    0.0323    0.0198   -1.2075
    0.0355    0.0203   -1.1541
    0.0388    0.0208   -1.1000
    0.0422    0.0212   -1.0457
    0.0457    0.0216   -0.9918
    0.0492    0.0219   -0.9389
    0.0529    0.0222   -0.8879
    0.0566    0.0223   -0.8399
    0.0603    0.0225   -0.7972
    0.0641    0.0226   -0.7598
    0.0680    0.0227   -0.7258
    0.0720    0.0228   -0.6945
    0.0761    0.0228   -0.6652
    0.0802    0.0228   -0.6376
    0.0844    0.0227   -0.6115
    0.0887    0.0227   -0.5868
    0.0930    0.0226   -0.5632
    0.0974    0.0224   -0.5406
    0.1018    0.0223   -0.5190
    0.1063    0.0221   -0.4983
    0.1108    0.0219   -0.4784
    0.1154    0.0217   -0.4593
    0.1200    0.0214   -0.4408
    0.1246    0.0211   -0.4230
    0.1292    0.0208   -0.4059
    0.1339    0.0205   -0.3893
    0.1386    0.0201   -0.3733
    0.1433    0.0198   -0.3578
    0.1480    0.0194   -0.3427
    0.1527    0.0190   -0.3282
    0.1574    0.0185   -0.3141
    0.1621    0.0181   -0.3004
    0.1668    0.0177   -0.2871
    0.1714    0.0172   -0.2742
    0.1761    0.0167   -0.2616
    0.1807    0.0162   -0.2494
    0.1853    0.0158   -0.2375
    0.1899    0.0153   -0.2259
    0.1944    0.0147   -0.2145
    0.1988    0.0142   -0.2034
    0.2033    0.0137   -0.1926
    0.2076    0.0132   -0.1819
    0.2120    0.0127   -0.1715
    0.2162    0.0122   -0.1612
    0.2204    0.0116   -0.1511
    0.2245    0.0111   -0.1412
    0.2286    0.0106   -0.1314
    0.2325    0.0101   -0.1217
    0.2364    0.0095   -0.1121
    0.2402    0.0090   -0.1026
    0.2439    0.0085   -0.0932
    0.2476    0.0080   -0.0838
    0.2511    0.0075   -0.0744
    0.2545    0.0070   -0.0651
    0.2578    0.0066   -0.0558
    0.2610    0.0061   -0.0465
    0.2642    0.0056   -0.0371
    0.2671    0.0052   -0.0277
    0.2700    0.0048   -0.0183
    0.2728    0.0043   -0.0087
    0.2754    0.0039    0.0009
    0.2779    0.0036    0.0106
    0.2803    0.0032    0.0205
    0.2826    0.0028    0.0306
    0.2847    0.0025    0.0408
    0.2867    0.0022    0.0513
    0.2886    0.0019    0.0620
    0.2903    0.0016    0.0731
    0.2919    0.0013    0.0845
    0.2934    0.0011    0.0965
    0.2947    0.0009    0.1090
    0.2959    0.0007    0.1223
    0.2969    0.0005    0.1366
    0.2978    0.0004    0.1521
    0.2985    0.0003    0.1693
    0.2991    0.0002    0.1891
    0.2995    0.0001    0.2128
    0.2998    0.0000    0.2437
    0.3000    0.0000    0.2883