 2.99986829e-01 -1.97561461e-04
 2.99912116e-01 -2.03166230e-04
 2.99688057e-01 -2.19967645e-04
 2.99314885e-01 -2.47927173e-04
 2.98792994e-01 -2.86981067e-04
 2.98122930e-01 -3.37041060e-04
 2.97305398e-01 -3.97995328e-04
 2.96341253e-01 -4.69709677e-04
 2.95231507e-01 -5.52028956e-04
 2.93977318e-01 -6.44778640e-04
 2.92580000e-01 -7.47766569e-04
 2.91041009e-01 -8.60784786e-04
 2.89361950e-01 -9.83611454e-04
 2.87544570e-01 -1.11601278e-03
 2.85590758e-01 -1.25774496e-03
 2.83502542e-01 -1.40855599e-03
 2.81282082e-01 -1.56818743e-03
 2.78931676e-01 -1.73637601e-03
 2.76453749e-01 -1.91285501e-03
 2.73850852e-01 -2.09735546e-03
 2.71125663e-01 -2.28960701e-03
 2.68280977e-01 -2.48933862e-03
 2.65319708e-01 -2.69627879e-03
 2.62244883e-01 -2.91015558e-03
 2.59059640e-01 -3.13069625e-03
 2.55767220e-01 -3.35762653e-03
 2.52370972e-01 -3.59066954e-03
 2.48874340e-01 -3.82954441e-03
 2.45280863e-01 -4.07396456e-03
 2.41594175e-01 -4.32363563e-03
 2.37817994e-01 -4.57825327e-03
 2.33956122e-01 -4.83750052e-03
 2.30012440e-01 -5.10104515e-03
 2.25990907e-01 -5.36853674e-03
 2.21895549e-01 -5.63960377e-03
 2.17730460e-01 -5.91385055e-03
 2.13499798e-01 -6.19085428e-03
 2.09207778e-01 -6.47016213e-03
 2.04858668e-01 -6.75128843e-03
 2.00456786e-01 -7.03371214e-03
 1.96006494e-01 -7.31687449e-03
 1.91512196e-01 -7.60017702e-03
 1.86978329e-01 -7.88297995e-03
 1.82409364e-01 -8.16460095e-03
 1.77809795e-01 -8.44431443e-03
 1.73184141e-01 -8.72135130e-03
 1.68536937e-01 -8.99489930e-03
 1.63872730e-01 -9.26410389e-03
 1.59196077e-01 -9.52806973e-03
 1.54511537e-01 -9.78586271e-03
 1.49823668e-01 -1.00365127e-02
 1.45137025e-01 -1.02790167e-02
 1.40456151e-01 -1.05123427e-02
 1.35785575e-01 -1.07354342e-02
 1.31129812e-01 -1.09472149e-02
 1.26493349e-01 -1.11465941e-02
 1.21880653e-01 -1.13324725e-02
 1.17318207e-01 -1.15054268e-02
 1.12803934e-01 -1.16714092e-02
 1.08326807e-01 -1.18299147e-02
 1.03890943e-01 -1.19796106e-02
 9.95004093e-02 -1.21191558e-02
 9.51592236e-02 -1.22472097e-02
 9.08713513e-02 -1.23624398e-02
 8.66407040e-02 -1.24635301e-02
 8.24711383e-02 -1.25491887e-02
 7.83664542e-02 -1.26181553e-02
 7.43303940e-02 -1.26692087e-02
 7.03666410e-02 -1.27011732e-02
 6.64788185e-02 -1.27129248e-02
 6.26704880e-02 -1.27033974e-02
 5.89451487e-02 -1.26715868e-02
 5.53062356e-02 -1.26165558e-02
 5.17571184e-02 -1.25374375e-02
 4.83010996e-02 -1.24334378e-02
 4.49414131e-02 -1.23038380e-02
 4.16812222e-02 -1.21479953e-02
 3.85236175e-02 -1.19653437e-02
 3.54716147e-02 -1.17553934e-02
 3.25281519e-02 -1.15177297e-02
 2.96960873e-02 -1.12520112e-02
 2.69781963e-02 -1.09579673e-02
 2.43771679e-02 -1.06353946e-02
 2.18956020e-02 -1.02841537e-02
 1.95360060e-02 -9.90416479e-03
 1.73007908e-02 -9.49540256e-03
 1.51922674e-02 -9.05789162e-03
 1.32126432e-02 -8.59170098e-03
 1.13640182e-02 -8.09693854e-03
 9.64838102e-03 -7.57374552e-03
 8.06760509e-03 -7.02229082e-03
 6.62344506e-03 -6.44276550e-03
 5.31753304e-03 -5.83537742e-03
 4.15137514e-03 -5.20034609e-03
 3.12634809e-03 -4.53789792e-03
 2.24369614e-03 -3.84826179e-03
 1.50452820e-03 -3.13166519e-03
 9.09815207e-04 -2.38833074e-03
 4.60387837e-04 -1.61847348e-03
 1.56934561e-04 -8.22298604e-04
 0.00000000e+00 0.00000000e+00
 -8.90267067e-06 8.37097227e-04
 1.31593634e-04 1.67759861e-03
 4.21595412e-04 2.52110250e-03
 8.61061401e-04 3.36705831e-03
 1.44980168e-03 4.21476951e-03
 2.18747669e-03 5.06339774e-03
 3.07359628e-03 5.91196819e-03
 4.10751862e-03 6.75937600e-03
 5.28844924e-03 7.60439384e-03
 6.61544002e-03 8.44568037e-03
 8.08738829e-03 9.28178964e-03
 9.70303601e-03 1.01111813e-02
 1.14609691e-02 1.09322316e-02
 1.33596169e-02 1.17432446e-02
 1.53972520e-02 1.25424647e-02
 1.75719900e-02 1.33280887e-02
 1.98817899e-02 1.40982783e-02
 2.23244545e-02 1.48511732e-02
 2.48976314e-02 1.55849039e-02
 2.75988143e-02 1.62976044e-02
 3.04253444e-02 1.69874246e-02
 3.33744125e-02 1.76525429e-02
 3.64430616e-02 1.82911777e-02
 3.96281896e-02 1.89015989e-02
 4.29265525e-02 1.94821389e-02
 4.63347686e-02 2.00312023e-02
 4.98493220e-02 2.05472755e-02
 5.34665675e-02 2.10289355e-02
 5.71827352e-02 2.14748574e-02
 6.09939363e-02 2.18838211e-02
 6.48961682e-02 2.22547179e-02
 6.88853205e-02 2.25865550e-02
 7.29571813e-02 2.28784600e-02
 7.71074436e-02 2.31296840e-02
 8.13317118e-02 2.33396041e-02
 8.56255085e-02 2.35077247e-02
 8.99842815e-02 2.36336781e-02
 9.44034106e-02 2.37172247e-02
 9.88782147e-02 2.37582518e-02
 1.03403959e-01 2.37567723e-02
 1.07975861e-01 2.37129223e-02
 1.12589100e-01 2.36269584e-02
 1.17238820e-01 2.34992547e-02
 1.21904953e-01 2.33311456e-02
 1.26576311e-01 2.31307778e-02
 1.31270218e-01 2.29007555e-02
 1.35981931e-01 2.26419921e-02
 1.40706694e-01 2.23554557e-02
 1.45439747e-01 2.20421639e-02
 1.50176332e-01 2.17031793e-02
 1.54911691e-01 2.13396049e-02
 1.59641079e-01 2.09525793e-02
 1.64359764e-01 2.05432731e-02
 1.69063033e-01 2.01128850e-02
 1.73746198e-01 1.96626386e-02
 1.78404599e-01 1.91937787e-02
 1.83033609e-01 1.87075695e-02
 1.87628637e-01 1.82052915e-02
 1.92185136e-01 1.76882397e-02
 1.96698604e-01 1.71577220e-02
 2.01164591e-01 1.66150576e-02
 2.05578698e-01 1.60615759e-02
 2.09936589e-01 1.54986154e-02
 2.14233989e-01 1.49275233e-02
 2.18466690e-01 1.43496541e-02
 2.22630554e-01 1.37663698e-02
 2.26721518e-01 1.31790390e-02
 2.30735598e-01 1.25890362e-02
 2.34668892e-01 1.19977416e-02
 2.38517582e-01 1.14065399e-02
 2.42277941e-01 1.08168200e-02
 2.45946333e-01 1.02299734e-02
 2.49519220e-01 9.64739334e-03
 2.52993160e-01 9.07047302e-03
 2.56364814e-01 8.50060393e-03
 2.59630949e-01 7.93917367e-03
 2.62788438e-01 7.38756354e-03
 2.65834265e-01 6.84714583e-03
 2.68765527e-01 6.31928071e-03
 2.71579436e-01 5.80531289e-03
 2.74273320e-01 5.30656791e-03
 2.76844629e-01 4.82434821e-03
 2.79290932e-01 4.35992894e-03
 2.81609922e-01 3.91455351e-03
 2.83799416e-01 3.48942902e-03
 2.85857357e-01 3.08572150e-03
 2.87781818e-01 2.70455109e-03
 2.89570996e-01 2.34698722e-03
 2.91223222e-01 2.01404371e-03
 2.92736955e-01 1.70667404e-03
 2.94110787e-01 1.42576666e-03
 2.95343442e-01 1.17214059e-03
 2.96433775e-01 9.46541085e-04
 2.97380777e-01 7.49635801e-04
 2.98183572e-01 5.82011107e-04
 2.98841417e-01 4.44168891e-04
 2.99353704e-01 3.36523746e-04
 2.99719962e-01 2.59400628e-04
 2.99939852e-01 2.13032994e-04
 3.00013171e-01 1.97561461e-04
