alpha = 9°, V = 30 m/s , c = 0.30 m , NACA 23012
    0.3000   -0.0000    0.2891
    0.2998   -0.0000    0.2473
    0.2995   -0.0001    0.2200
    0.2991   -0.0001    0.2002
    0.2985   -0.0002    0.1847
    0.2977   -0.0003    0.1721
    0.2969   -0.0004    0.1614
    0.2958   -0.0005    0.1523
    0.2946   -0.0006    0.1443
    0.2933   -0.0008    0.1372
    0.2919   -0.0010    0.1309
    0.2903   -0.0012    0.1252
    0.2885   -0.0014    0.1201
    0.2867   -0.0016    0.1155
    0.2846   -0.0018    0.1114
    0.2825   -0.0021    0.1076
    0.2802   -0.0023    0.1042
    0.2778   -0.0026    0.1011
    0.2753   -0.0029    0.0982
    0.2726   -0.0031    0.0957
    0.2698   -0.0034    0.0934
    0.2670   -0.0037    0.0914
    0.2639   -0.0041    0.0896
    0.2608   -0.0044    0.0880
    0.2576   -0.0047    0.0865
    0.2542   -0.0050    0.0853
    0.2508   -0.0054    0.0843
    0.2473   -0.0057    0.0834
    0.2436   -0.0060    0.0827
    0.2399   -0.0064    0.0822
    0.2361   -0.0067    0.0818
    0.2322   -0.0071    0.0815
    0.2282   -0.0074    0.0814
    0.2241   -0.0078    0.0814
    0.2200   -0.0081    0.0816
    0.2158   -0.0084    0.0819
    0.2115   -0.0088    0.0823
    0.2071   -0.0091    0.0829
    0.2028   -0.0094    0.0836
    0.1983   -0.0098    0.0844
    0.1938   -0.0101    0.0853
    0.1893   -0.0104    0.0864
    0.1847   -0.0107    0.0877
    0.1801   -0.0110    0.0891
    0.1755   -0.0112    0.0906
    0.1708   -0.0115    0.0923
    0.1661   -0.0118    0.0941
    0.1614   -0.0120    0.0962
    0.1567   -0.0122    0.0984
    0.1520   -0.0124    0.1008
    0.1473   -0.0126    0.1035
    0.1426   -0.0128    0.1064
    0.1379   -0.0130    0.1095
    0.1332   -0.0131    0.1129
    0.1285   -0.0132    0.1166
    0.1238   -0.0133    0.1205
    0.1192   -0.0134    0.1248
    0.1146   -0.0135    0.1295
    0.1100   -0.0135    0.1345
    0.1055   -0.0135    0.1400
    0.1010   -0.0135    0.1458
    0.0966   -0.0135    0.1522
    0.0922   -0.0134    0.1590
    0.0879   -0.0133    0.1664
    0.0836   -0.0132    0.1743
    0.0794   -0.0131    0.1829
    0.0753   -0.0129    0.1921
    0.0712   -0.0127    0.2020
    0.0673   -0.0124    0.2128
    0.0634   -0.0122    0.2245
    0.0596   -0.0119    0.2376
    0.0559   -0.0116    0.2517
    0.0523   -0.0113    0.2660
    0.0489   -0.0109    0.2803
    0.0456   -0.0106    0.2944
    0.0424   -0.0102    0.3083
    0.0394   -0.0099    0.3220
    0.0364   -0.0096    0.3354
    0.0336   -0.0092    0.3488
    0.0309   -0.0089    0.3621
    0.0283   -0.0086    0.3754
    0.0259   -0.0083    0.3890
    0.0235   -0.0080    0.4028
    0.0212   -0.0077    0.4171
    0.0191   -0.0074    0.4320
    0.0170   -0.0071    0.4476
    0.0151   -0.0068    0.4639
    0.0132   -0.0065    0.4810
    0.0115   -0.0061    0.4985
    0.0099   -0.0058    0.5160
    0.0084   -0.0054    0.5323
    0.0070   -0.0050    0.5453
    0.0057   -0.0046    0.5512
    0.0045   -0.0041    0.5437
    0.0035   -0.0036    0.5122
    0.0025   -0.0031    0.4402
    0.0017   -0.0025    0.3053
    0.0011   -0.0018    0.0830
    0.0005   -0.0011   -0.2409
    0.0002   -0.0004   -0.6529
   -0.0001    0.0004   -1.1067
   -0.0002    0.0012   -1.5329
   -0.0001    0.0021   -1.8545
    0.0001    0.0030   -2.0462
    0.0005    0.0040   -2.1278
    0.0011    0.0049   -2.1355
    0.0018    0.0059   -2.1013
    0.0027    0.0069   -2.0468
    0.0037    0.0080   -1.9846
    0.0049    0.0090   -1.9214
    0.0063    0.0101   -1.8599
    0.0079    0.0111   -1.8012
    0.0096    0.0121   -1.7452
    0.0115    0.0131   -1.6912
    0.0136    0.0141   -1.6387
    0.0158    0.0151   -1.5867
    0.0182    0.0160   -1.5348
    0.0208    0.0169   -1.4823
    0.0234    0.0177   -1.4290
    0.0262    0.0184   -1.3746
    0.0292    0.0191   -1.3191
    0.0323    0.0198   -1.2625
    0.0355    0.0203   -1.2052
    0.0388    0.0208   -1.1474
    0.0422    0.0212   -1.0897
    0.0457    0.0216   -1.0325
    0.0492    0.0219   -0.9767
    0.0529    0.0222   -0.9231
    0.0566    0.0223   -0.8727
    0.0603    0.0225   -0.8279
    0.0641    0.0226   -0.7886
    0.0680    0.0227   -0.7530
    0.0720    0.0228   -0.7201
    0.0761    0.0228   -0.6894
    0.0802    0.0228   -0.6605
    0.0844    0.0227   -0.6332
    0.0887    0.0227   -0.6073
    0.0930    0.0226   -0.5826
    0.0974    0.0224   -0.5591
    0.1018    0.0223   -0.5365
    0.1063    0.0221   -0.5149
    0.1108    0.0219   -0.4942
    0.1154    0.0217   -0.4742
    0.1200    0.0214   -0.4550
    0.1246    0.0211   -0.4365
    0.1292    0.0208   -0.4187
    0.1339    0.0205   -0.4015
    0.1386    0.0201   -0.3848
    0.1433    0.0198   -0.3688
    0.1480    0.0194   -0.3532
    0.1527    0.0190   -0.3381
    0.1574    0.0185   -0.3235
    0.1621    0.0181   -0.3093
    0.1668    0.0177   -0.2956
    0.1714    0.0172   -0.2822
    0.1761    0.0167   -0.2693
    0.1807    0.0162   -0.2566
    0.1853    0.0158   -0.2443
    0.1899    0.0153   -0.2323
    0.1944    0.0147   -0.2206
    0.1988    0.0142   -0.2092
    0.2033    0.0137   -0.1980
    0.2076    0.0132   -0.1871
    0.2120    0.0127   -0.1763
    0.2162    0.0122   -0.1658
    0.2204    0.0116   -0.1554
    0.2245    0.0111   -0.1452
    0.2286    0.0106   -0.1352
    0.2325    0.0101   -0.1252
    0.2364    0.0095   -0.1154
    0.2402    0.0090   -0.1056
    0.2439    0.0085   -0.0960
    0.2476    0.0080   -0.0864
    0.2511    0.0075   -0.0768
    0.2545    0.0070   -0.0673
    0.2578    0.0066   -0.0577
    0.2610    0.0061   -0.0482
    0.2642    0.0056   -0.0387
    0.2671    0.0052   -0.0291
    0.2700    0.0048   -0.0195
    0.2728    0.0043   -0.0098
    0.2754    0.0039    0.0000
    0.2779    0.0036    0.0099
    0.2803    0.0032    0.0200
    0.2826    0.0028    0.0302
    0.2847    0.0025    0.0405
    0.2867    0.0022    0.0511
    0.2886    0.0019    0.0620
    0.2903    0.0016    0.0732
    0.2919    0.0013    0.0848
    0.2934    0.0011    0.0969
    0.2947    0.0009    0.1095
    0.2959    0.0007    0.1229
    0.2969    0.0005    0.1372
    0.2978    0.0004    0.1528
    0.2985    0.0003    0.1701
    0.2991    0.0002    0.1899
    0.2995    0.0001    0.2137
    0.2998    0.0000    0.2445
    0.3000    0.0000    0.2891