   2.9997486e-01  -3.7716279e-04
   2.9990016e-01  -3.8259071e-04
   2.9967615e-01  -3.9886252e-04
   2.9930306e-01  -4.2594255e-04
   2.9878129e-01  -4.6377181e-04
   2.9811137e-01  -5.1226859e-04
   2.9729401e-01  -5.7132945e-04
   2.9633007e-01  -6.4083029e-04
   2.9522056e-01  -7.2062768e-04
   2.9396663e-01  -8.1056037e-04
   2.9256960e-01  -9.1045091e-04
   2.9103091e-01  -1.0201074e-03
   2.8935218e-01  -1.1393251e-03
   2.8753514e-01  -1.2678887e-03
   2.8558168e-01  -1.4055735e-03
   2.8349384e-01  -1.5521474e-03
   2.8127376e-01  -1.7073725e-03
   2.7892374e-01  -1.8710068e-03
   2.7644621e-01  -2.0428047e-03
   2.7384371e-01  -2.2225189e-03
   2.7111892e-01  -2.4099004e-03
   2.6827463e-01  -2.6046996e-03
   2.6531376e-01  -2.8066660e-03
   2.6223932e-01  -3.0155483e-03
   2.5905446e-01  -3.2310939e-03
   2.5576241e-01  -3.4530477e-03
   2.5236653e-01  -3.6811514e-03
   2.4887024e-01  -3.9151418e-03
   2.4527711e-01  -4.1547490e-03
   2.4159074e-01  -4.3996941e-03
   2.3781487e-01  -4.6496871e-03
   2.3395329e-01  -4.9044243e-03
   2.3000988e-01  -5.1635853e-03
   2.2598861e-01  -5.4268303e-03
   2.2189350e-01  -5.6937970e-03
   2.1772863e-01  -5.9640978e-03
   2.1349818e-01  -6.2373164e-03
   2.0920636e-01  -6.5130055e-03
   2.0485742e-01  -6.7906832e-03
   2.0045570e-01  -7.0698315e-03
   1.9600556e-01  -7.3498932e-03
   1.9151139e-01  -7.6302703e-03
   1.8697765e-01  -7.9103223e-03
   1.8240879e-01  -8.1893654e-03
   1.7780931e-01  -8.4666714e-03
   1.7318374e-01  -8.7414678e-03
   1.6853661e-01  -9.0129380e-03
   1.6387247e-01  -9.2802228e-03
   1.5919587e-01  -9.5424212e-03
   1.5451137e-01  -9.7985931e-03
   1.4982354e-01  -1.0047762e-02
   1.4513693e-01  -1.0288918e-02
   1.4045608e-01  -1.0521022e-02
   1.3578553e-01  -1.0743010e-02
   1.3112978e-01  -1.0953799e-02
   1.2649334e-01  -1.1152291e-02
   1.2188065e-01  -1.1337378e-02
   1.1731822e-01  -1.1509631e-02
   1.1280396e-01  -1.1674994e-02
   1.0832684e-01  -1.1832955e-02
   1.0389098e-01  -1.1982175e-02
   9.9500447e-02  -1.2121306e-02
   9.5159261e-02  -1.2249003e-02
   9.0871388e-02  -1.2363925e-02
   8.6640739e-02  -1.2464753e-02
   8.2471170e-02  -1.2550188e-02
   7.8366483e-02  -1.2618966e-02
   7.4330419e-02  -1.2669862e-02
   7.0366663e-02  -1.2701695e-02
   6.6478837e-02  -1.2713338e-02
   6.2670504e-02  -1.2703722e-02
   5.8945162e-02  -1.2671839e-02
   5.5306246e-02  -1.2616750e-02
   5.1757127e-02  -1.2537585e-02
   4.8301106e-02  -1.2433549e-02
   4.4941418e-02  -1.2303921e-02
   4.1681226e-02  -1.2148056e-02
   3.8523621e-02  -1.1965387e-02
   3.5471617e-02  -1.1755425e-02
   3.2528153e-02  -1.1517751e-02
   2.9696088e-02  -1.1252026e-02
   2.6978197e-02  -1.0957977e-02
   2.4377168e-02  -1.0635401e-02
   2.1895602e-02  -1.0284158e-02
   1.9536006e-02  -9.9041674e-03
   1.7300791e-02  -9.4954041e-03
   1.5192267e-02  -9.0578925e-03
   1.3212643e-02  -8.5917015e-03
   1.1364018e-02  -8.0969388e-03
   9.6483810e-03  -7.5737457e-03
   8.0676051e-03  -7.0222909e-03
   6.6234451e-03  -6.4427655e-03
   5.3175330e-03  -5.8353774e-03
   4.1513751e-03  -5.2003461e-03
   3.1263481e-03  -4.5378979e-03
   2.2436961e-03  -3.8482618e-03
   1.5045282e-03  -3.1316652e-03
   9.0981521e-04  -2.3883307e-03
   4.6038784e-04  -1.6184735e-03
   1.5693456e-04  -8.2229860e-04
   0.0000000e+00   0.0000000e+00
  -8.9026707e-06   8.3709723e-04
   1.3159363e-04   1.6775986e-03
   4.2159541e-04   2.5211025e-03
   8.6106140e-04   3.3670583e-03
   1.4498017e-03   4.2147695e-03
   2.1874767e-03   5.0633977e-03
   3.0735963e-03   5.9119682e-03
   4.1075186e-03   6.7593760e-03
   5.2884492e-03   7.6043939e-03
   6.6154400e-03   8.4456804e-03
   8.0873883e-03   9.2817898e-03
   9.7030360e-03   1.0111182e-02
   1.1460969e-02   1.0932232e-02
   1.3359617e-02   1.1743246e-02
   1.5397252e-02   1.2542466e-02
   1.7571990e-02   1.3328091e-02
   1.9881790e-02   1.4098282e-02
   2.2324454e-02   1.4851180e-02
   2.4897631e-02   1.5584914e-02
   2.7598813e-02   1.6297619e-02
   3.0425343e-02   1.6987446e-02
   3.3374410e-02   1.7652574e-02
   3.6443059e-02   1.8291221e-02
   3.9628186e-02   1.8901659e-02
   4.2926547e-02   1.9482222e-02
   4.6334762e-02   2.0031313e-02
   4.9849314e-02   2.0547423e-02
   5.3466557e-02   2.1029130e-02
   5.7182722e-02   2.1475110e-02
   6.0993921e-02   2.1884146e-02
   6.4896149e-02   2.2255131e-02
   6.8885299e-02   2.2587077e-02
   7.2957156e-02   2.2879113e-02
   7.7107415e-02   2.3130495e-02
   8.1331680e-02   2.3340604e-02
   8.5625474e-02   2.3508947e-02
   8.9984245e-02   2.3635164e-02
   9.4403373e-02   2.3719018e-02
   9.8878177e-02   2.3760403e-02
   1.0340392e-01   2.3759337e-02
   1.0797583e-01   2.3715962e-02
   1.1258908e-01   2.3630543e-02
   1.1723881e-01   2.3503459e-02
   1.2190496e-01   2.3336051e-02
   1.2657632e-01   2.3136475e-02
   1.3127025e-01   2.2907340e-02
   1.3598198e-01   2.2649568e-02
   1.4070676e-01   2.2364135e-02
   1.4543984e-01   2.2052065e-02
   1.5017646e-01   2.1714429e-02
   1.5491185e-01   2.1352335e-02
   1.5964129e-01   2.0966931e-02
   1.6436003e-01   2.0559392e-02
   1.6906336e-01   2.0130924e-02
   1.7374660e-01   1.9682755e-02
   1.7840508e-01   1.9216136e-02
   1.8303418e-01   1.8732334e-02
   1.8762932e-01   1.8232634e-02
   1.9218594e-01   1.7718333e-02
   1.9669954e-01   1.7190741e-02
   2.0116567e-01   1.6651177e-02
   2.0557994e-01   1.6100971e-02
   2.0993801e-01   1.5541459e-02
   2.1423560e-01   1.4973985e-02
   2.1846852e-01   1.4399901e-02
   2.2263261e-01   1.3820563e-02
   2.2672381e-01   1.3237333e-02
   2.3073815e-01   1.2651576e-02
   2.3467173e-01   1.2064665e-02
   2.3852071e-01   1.1477974e-02
   2.4228138e-01   1.0892878e-02
   2.4595009e-01   1.0310758e-02
   2.4952332e-01   9.7329907e-03
   2.5299761e-01   9.1609549e-03
   2.5636962e-01   8.5960250e-03
   2.5963613e-01   8.0395713e-03
   2.6279400e-01   7.4929563e-03
   2.6584022e-01   6.9575331e-03
   2.6877187e-01   6.4346417e-03
   2.7158618e-01   5.9256063e-03
   2.7428046e-01   5.4317313e-03
   2.7685217e-01   4.9542979e-03
   2.7929887e-01   4.4945597e-03
   2.8161824e-01   4.0537386e-03
   2.8380812e-01   3.6330204e-03
   2.8586643e-01   3.2335500e-03
   2.8779125e-01   2.8564270e-03
   2.8958077e-01   2.5027009e-03
   2.9123332e-01   2.1733663e-03
   2.9274736e-01   1.8693584e-03
   2.9412147e-01   1.5915484e-03
   2.9535439e-01   1.3407393e-03
   2.9644495e-01   1.1176617e-03
   2.9739216e-01   9.2296992e-04
   2.9819513e-01   7.5723864e-04
   2.9885313e-01   6.2095963e-04
   2.9936553e-01   5.1453913e-04
   2.9973187e-01   4.3829550e-04
   2.9995181e-01   3.9245747e-04
   3.0002514e-01   3.7716279e-04
