 2.99979986e-01 1.76580161e-03
 2.99151153e-01 1.69641130e-03
 2.96674305e-01 1.48988693e-03
 2.92578240e-01 1.15098149e-03
 2.86910435e-01 6.87037716e-04
 2.79736296e-01 1.07263879e-04
 2.71138175e-01 -5.78022275e-04
 2.61214187e-01 -1.35798920e-03
 2.50076874e-01 -2.22155906e-03
 2.37851747e-01 -3.15724194e-03
 2.24675726e-01 -4.15252174e-03
 2.10695489e-01 -5.19287900e-03
 1.96065737e-01 -6.26062842e-03
 1.80947385e-01 -7.33381345e-03
 1.65505696e-01 -8.38542420e-03
 1.49908403e-01 -9.38317912e-03
 1.34323842e-01 -1.02900383e-02
 1.18928740e-01 -1.10657417e-02
 1.03994383e-01 -1.17270366e-02
 8.95622248e-02 -1.22711615e-02
 7.57782963e-02 -1.26479446e-02
 6.27818141e-02 -1.28105076e-02
 5.07046663e-02 -1.27180709e-02
 3.96708891e-02 -1.23380087e-02
 2.97960035e-02 -1.16469290e-02
 2.11861169e-02 -1.06307009e-02
 1.39367516e-02 -9.28350266e-03
 8.13143394e-03 -7.60611135e-03
 3.84014589e-03 -5.60375742e-03
 1.11779224e-03 -3.28392705e-03
 2.85577019e-06 -6.54490162e-04
 5.29858882e-04 2.15306241e-03
 2.71539307e-03 4.99857954e-03
 6.54434237e-03 7.84859849e-03
 1.19829246e-02 1.06542550e-02
 1.89783060e-02 1.33550111e-02
 2.74583976e-02 1.58833357e-02
 3.73319920e-02 1.81698506e-02
 4.84893760e-02 2.01484278e-02
 6.08034997e-02 2.17607634e-02
 7.41317113e-02 2.29600519e-02
 8.83179917e-02 2.37135191e-02
 1.03195563e-01 2.40037359e-02
 1.18589708e-01 2.38287869e-02
 1.34209046e-01 2.32489564e-02
 1.49984076e-01 2.23583819e-02
 1.65747963e-01 2.11948152e-02
 1.81325418e-01 1.98000947e-02
 1.96544243e-01 1.82190759e-02
 2.11237198e-01 1.64985951e-02
 2.25243766e-01 1.46868476e-02
 2.38411816e-01 1.28330476e-02
 2.50599167e-01 1.09871797e-02
 2.61675029e-01 9.19963409e-03
 2.71521290e-01 7.52054926e-03
 2.80033644e-01 5.99875586e-03
 2.87122510e-01 4.68030948e-03
 2.92713771e-01 3.60669832e-03
 2.96749311e-01 2.81289742e-03
 2.99187390e-01 2.32549607e-03
 3.00002879e-01 2.16113936e-03
