8°
    0.3000   -0.0000    0.2875
    0.2998   -0.0000    0.2454
    0.2995   -0.0001    0.2177
    0.2991   -0.0001    0.1976
    0.2985   -0.0002    0.1818
    0.2977   -0.0003    0.1689
    0.2969   -0.0004    0.1579
    0.2958   -0.0005    0.1485
    0.2946   -0.0006    0.1401
    0.2933   -0.0008    0.1328
    0.2919   -0.0010    0.1261
    0.2903   -0.0012    0.1202
    0.2885   -0.0014    0.1148
    0.2867   -0.0016    0.1098
    0.2846   -0.0018    0.1053
    0.2825   -0.0021    0.1012
    0.2802   -0.0023    0.0975
    0.2778   -0.0026    0.0940
    0.2753   -0.0029    0.0909
    0.2726   -0.0031    0.0880
    0.2698   -0.0034    0.0854
    0.2670   -0.0037    0.0830
    0.2639   -0.0041    0.0808
    0.2608   -0.0044    0.0788
    0.2576   -0.0047    0.0771
    0.2542   -0.0050    0.0755
    0.2508   -0.0054    0.0741
    0.2473   -0.0057    0.0728
    0.2436   -0.0060    0.0717
    0.2399   -0.0064    0.0708
    0.2361   -0.0067    0.0700
    0.2322   -0.0071    0.0694
    0.2282   -0.0074    0.0688
    0.2241   -0.0078    0.0685
    0.2200   -0.0081    0.0682
    0.2158   -0.0084    0.0681
    0.2115   -0.0088    0.0681
    0.2071   -0.0091    0.0682
    0.2028   -0.0094    0.0684
    0.1983   -0.0098    0.0688
    0.1938   -0.0101    0.0692
    0.1893   -0.0104    0.0699
    0.1847   -0.0107    0.0706
    0.1801   -0.0110    0.0715
    0.1755   -0.0112    0.0725
    0.1708   -0.0115    0.0737
    0.1661   -0.0118    0.0750
    0.1614   -0.0120    0.0765
    0.1567   -0.0122    0.0781
    0.1520   -0.0124    0.0800
    0.1473   -0.0126    0.0821
    0.1426   -0.0128    0.0843
    0.1379   -0.0130    0.0869
    0.1332   -0.0131    0.0896
    0.1285   -0.0132    0.0927
    0.1238   -0.0133    0.0960
    0.1192   -0.0134    0.0996
    0.1146   -0.0135    0.1036
    0.1100   -0.0135    0.1080
    0.1055   -0.0135    0.1127
    0.1010   -0.0135    0.1179
    0.0966   -0.0135    0.1235
    0.0922   -0.0134    0.1296
    0.0879   -0.0133    0.1363
    0.0836   -0.0132    0.1435
    0.0794   -0.0131    0.1513
    0.0753   -0.0129    0.1598
    0.0712   -0.0127    0.1691
    0.0673   -0.0124    0.1792
    0.0634   -0.0122    0.1903
    0.0596   -0.0119    0.2029
    0.0559   -0.0116    0.2165
    0.0523   -0.0113    0.2305
    0.0489   -0.0109    0.2445
    0.0456   -0.0106    0.2583
    0.0424   -0.0102    0.2719
    0.0394   -0.0099    0.2853
    0.0364   -0.0096    0.2985
    0.0336   -0.0092    0.3115
    0.0309   -0.0089    0.3244
    0.0283   -0.0086    0.3374
    0.0259   -0.0083    0.3506
    0.0235   -0.0080    0.3641
    0.0212   -0.0077    0.3782
    0.0191   -0.0074    0.3929
    0.0170   -0.0071    0.4086
    0.0151   -0.0068    0.4253
    0.0132   -0.0065    0.4433
    0.0115   -0.0061    0.4625
    0.0099   -0.0058    0.4829
    0.0084   -0.0054    0.5039
    0.0070   -0.0050    0.5242
    0.0057   -0.0046    0.5414
    0.0045   -0.0041    0.5509
    0.0035   -0.0036    0.5446
    0.0025   -0.0031    0.5093
    0.0017   -0.0025    0.4256
    0.0011   -0.0018    0.2703
    0.0005   -0.0011    0.0258
    0.0002   -0.0004   -0.3041
   -0.0001    0.0004   -0.6864
   -0.0002    0.0012   -1.0643
   -0.0001    0.0021   -1.3694
    0.0001    0.0030   -1.5720
    0.0005    0.0040   -1.6816
    0.0011    0.0049   -1.7247
    0.0018    0.0059   -1.7269
    0.0027    0.0069   -1.7067
    0.0037    0.0080   -1.6756
    0.0049    0.0090   -1.6398
    0.0063    0.0101   -1.6025
    0.0079    0.0111   -1.5651
    0.0096    0.0121   -1.5280
    0.0115    0.0131   -1.4909
    0.0136    0.0141   -1.4534
    0.0158    0.0151   -1.4152
    0.0182    0.0160   -1.3758
    0.0208    0.0169   -1.3348
    0.0234    0.0177   -1.2921
    0.0262    0.0184   -1.2475
    0.0292    0.0191   -1.2011
    0.0323    0.0198   -1.1530
    0.0355    0.0203   -1.1036
    0.0388    0.0208   -1.0531
    0.0422    0.0212   -1.0022
    0.0457    0.0216   -0.9513
    0.0492    0.0219   -0.9013
    0.0529    0.0222   -0.8529
    0.0566    0.0223   -0.8073
    0.0603    0.0225   -0.7666
    0.0641    0.0226   -0.7310
    0.0680    0.0227   -0.6987
    0.0720    0.0228   -0.6689
    0.0761    0.0228   -0.6410
    0.0802    0.0228   -0.6147
    0.0844    0.0227   -0.5899
    0.0887    0.0227   -0.5663
    0.0930    0.0226   -0.5437
    0.0974    0.0224   -0.5222
    0.1018    0.0223   -0.5015
    0.1063    0.0221   -0.4817
    0.1108    0.0219   -0.4626
    0.1154    0.0217   -0.4443
    0.1200    0.0214   -0.4266
    0.1246    0.0211   -0.4095
    0.1292    0.0208   -0.3930
    0.1339    0.0205   -0.3771
    0.1386    0.0201   -0.3616
    0.1433    0.0198   -0.3467
    0.1480    0.0194   -0.3322
    0.1527    0.0190   -0.3182
    0.1574    0.0185   -0.3046
    0.1621    0.0181   -0.2914
    0.1668    0.0177   -0.2785
    0.1714    0.0172   -0.2660
    0.1761    0.0167   -0.2539
    0.1807    0.0162   -0.2421
    0.1853    0.0158   -0.2305
    0.1899    0.0153   -0.2193
    0.1944    0.0147   -0.2083
    0.1988    0.0142   -0.1975
    0.2033    0.0137   -0.1870
    0.2076    0.0132   -0.1767
    0.2120    0.0127   -0.1665
    0.2162    0.0122   -0.1566
    0.2204    0.0116   -0.1468
    0.2245    0.0111   -0.1371
    0.2286    0.0106   -0.1275
    0.2325    0.0101   -0.1181
    0.2364    0.0095   -0.1088
    0.2402    0.0090   -0.0995
    0.2439    0.0085   -0.0903
    0.2476    0.0080   -0.0811
    0.2511    0.0075   -0.0720
    0.2545    0.0070   -0.0629
    0.2578    0.0066   -0.0538
    0.2610    0.0061   -0.0446
    0.2642    0.0056   -0.0355
    0.2671    0.0052   -0.0262
    0.2700    0.0048   -0.0170
    0.2728    0.0043   -0.0076
    0.2754    0.0039    0.0018
    0.2779    0.0036    0.0114
    0.2803    0.0032    0.0211
    0.2826    0.0028    0.0310
    0.2847    0.0025    0.0411
    0.2867    0.0022    0.0515
    0.2886    0.0019    0.0621
    0.2903    0.0016    0.0730
    0.2919    0.0013    0.0844
    0.2934    0.0011    0.0962
    0.2947    0.0009    0.1086
    0.2959    0.0007    0.1218
    0.2969    0.0005    0.1360
    0.2978    0.0004    0.1514
    0.2985    0.0003    0.1686
    0.2991    0.0002    0.1883
    0.2995    0.0001    0.2120
    0.2998    0.0000    0.2428
    0.3000    0.0000    0.2875