10°
    0.3000   -0.0000    0.2908
    0.2998   -0.0000    0.2495
    0.2995   -0.0001    0.2225
    0.2991   -0.0001    0.2030
    0.2985   -0.0002    0.1879
    0.2977   -0.0003    0.1755
    0.2969   -0.0004    0.1652
    0.2958   -0.0005    0.1563
    0.2946   -0.0006    0.1486
    0.2933   -0.0008    0.1419
    0.2919   -0.0010    0.1359
    0.2903   -0.0012    0.1305
    0.2885   -0.0014    0.1258
    0.2867   -0.0016    0.1215
    0.2846   -0.0018    0.1176
    0.2825   -0.0021    0.1142
    0.2802   -0.0023    0.1111
    0.2778   -0.0026    0.1083
    0.2753   -0.0029    0.1058
    0.2726   -0.0031    0.1036
    0.2698   -0.0034    0.1017
    0.2670   -0.0037    0.1000
    0.2639   -0.0041    0.0985
    0.2608   -0.0044    0.0973
    0.2576   -0.0047    0.0962
    0.2542   -0.0050    0.0953
    0.2508   -0.0054    0.0947
    0.2473   -0.0057    0.0942
    0.2436   -0.0060    0.0938
    0.2399   -0.0064    0.0937
    0.2361   -0.0067    0.0937
    0.2322   -0.0071    0.0938
    0.2282   -0.0074    0.0941
    0.2241   -0.0078    0.0945
    0.2200   -0.0081    0.0951
    0.2158   -0.0084    0.0958
    0.2115   -0.0088    0.0967
    0.2071   -0.0091    0.0977
    0.2028   -0.0094    0.0988
    0.1983   -0.0098    0.1000
    0.1938   -0.0101    0.1015
    0.1893   -0.0104    0.1030
    0.1847   -0.0107    0.1047
    0.1801   -0.0110    0.1066
    0.1755   -0.0112    0.1086
    0.1708   -0.0115    0.1108
    0.1661   -0.0118    0.1132
    0.1614   -0.0120    0.1157
    0.1567   -0.0122    0.1185
    0.1520   -0.0124    0.1215
    0.1473   -0.0126    0.1247
    0.1426   -0.0128    0.1281
    0.1379   -0.0130    0.1318
    0.1332   -0.0131    0.1358
    0.1285   -0.0132    0.1401
    0.1238   -0.0133    0.1447
    0.1192   -0.0134    0.1496
    0.1146   -0.0135    0.1549
    0.1100   -0.0135    0.1605
    0.1055   -0.0135    0.1666
    0.1010   -0.0135    0.1731
    0.0966   -0.0135    0.1801
    0.0922   -0.0134    0.1876
    0.0879   -0.0133    0.1956
    0.0836   -0.0132    0.2041
    0.0794   -0.0131    0.2133
    0.0753   -0.0129    0.2232
    0.0712   -0.0127    0.2337
    0.0673   -0.0124    0.2450
    0.0634   -0.0122    0.2572
    0.0596   -0.0119    0.2707
    0.0559   -0.0116    0.2851
    0.0523   -0.0113    0.2996
    0.0489   -0.0109    0.3140
    0.0456   -0.0106    0.3283
    0.0424   -0.0102    0.3423
    0.0394   -0.0099    0.3560
    0.0364   -0.0096    0.3696
    0.0336   -0.0092    0.3830
    0.0309   -0.0089    0.3964
    0.0283   -0.0086    0.4098
    0.0259   -0.0083    0.4234
    0.0235   -0.0080    0.4372
    0.0212   -0.0077    0.4512
    0.0191   -0.0074    0.4657
    0.0170   -0.0071    0.4805
    0.0151   -0.0068    0.4956
    0.0132   -0.0065    0.5107
    0.0115   -0.0061    0.5252
    0.0099   -0.0058    0.5382
    0.0084   -0.0054    0.5479
    0.0070   -0.0050    0.5512
    0.0057   -0.0046    0.5428
    0.0045   -0.0041    0.5144
    0.0035   -0.0036    0.4528
    0.0025   -0.0031    0.3382
    0.0017   -0.0025    0.1453
    0.0011   -0.0018   -0.1514
    0.0005   -0.0011   -0.5616
    0.0002   -0.0004   -1.0603
   -0.0001    0.0004   -1.5872
   -0.0002    0.0012   -2.0597
   -0.0001    0.0021   -2.3927
    0.0001    0.0030   -2.5665
    0.0005    0.0040   -2.6128
    0.0011    0.0049   -2.5786
    0.0018    0.0059   -2.5024
    0.0027    0.0069   -2.4090
    0.0037    0.0080   -2.3122
    0.0049    0.0090   -2.2184
    0.0063    0.0101   -2.1304
    0.0079    0.0111   -2.0483
    0.0096    0.0121   -1.9718
    0.0115    0.0131   -1.8996
    0.0136    0.0141   -1.8307
    0.0158    0.0151   -1.7641
    0.0182    0.0160   -1.6988
    0.0208    0.0169   -1.6341
    0.0234    0.0177   -1.5696
    0.0262    0.0184   -1.5048
    0.0292    0.0191   -1.4397
    0.0323    0.0198   -1.3743
    0.0355    0.0203   -1.3087
    0.0388    0.0208   -1.2433
    0.0422    0.0212   -1.1785
    0.0457    0.0216   -1.1149
    0.0492    0.0219   -1.0531
    0.0529    0.0222   -0.9940
    0.0566    0.0223   -0.9388
    0.0603    0.0225   -0.8897
    0.0641    0.0226   -0.8467
    0.0680    0.0227   -0.8077
    0.0720    0.0228   -0.7716
    0.0761    0.0228   -0.7380
    0.0802    0.0228   -0.7064
    0.0844    0.0227   -0.6766
    0.0887    0.0227   -0.6483
    0.0930    0.0226   -0.6215
    0.0974    0.0224   -0.5959
    0.1018    0.0223   -0.5714
    0.1063    0.0221   -0.5480
    0.1108    0.0219   -0.5255
    0.1154    0.0217   -0.5040
    0.1200    0.0214   -0.4833
    0.1246    0.0211   -0.4633
    0.1292    0.0208   -0.4441
    0.1339    0.0205   -0.4256
    0.1386    0.0201   -0.4078
    0.1433    0.0198   -0.3905
    0.1480    0.0194   -0.3738
    0.1527    0.0190   -0.3577
    0.1574    0.0185   -0.3421
    0.1621    0.0181   -0.3270
    0.1668    0.0177   -0.3123
    0.1714    0.0172   -0.2981
    0.1761    0.0167   -0.2843
    0.1807    0.0162   -0.2709
    0.1853    0.0158   -0.2578
    0.1899    0.0153   -0.2451
    0.1944    0.0147   -0.2327
    0.1988    0.0142   -0.2205
    0.2033    0.0137   -0.2087
    0.2076    0.0132   -0.1971
    0.2120    0.0127   -0.1858
    0.2162    0.0122   -0.1747
    0.2204    0.0116   -0.1637
    0.2245    0.0111   -0.1530
    0.2286    0.0106   -0.1424
    0.2325    0.0101   -0.1319
    0.2364    0.0095   -0.1216
    0.2402    0.0090   -0.1114
    0.2439    0.0085   -0.1013
    0.2476    0.0080   -0.0912
    0.2511    0.0075   -0.0812
    0.2545    0.0070   -0.0713
    0.2578    0.0066   -0.0614
    0.2610    0.0061   -0.0514
    0.2642    0.0056   -0.0415
    0.2671    0.0052   -0.0316
    0.2700    0.0048   -0.0216
    0.2728    0.0043   -0.0116
    0.2754    0.0039   -0.0014
    0.2779    0.0036    0.0088
    0.2803    0.0032    0.0191
    0.2826    0.0028    0.0296
    0.2847    0.0025    0.0403
    0.2867    0.0022    0.0511
    0.2886    0.0019    0.0623
    0.2903    0.0016    0.0737
    0.2919    0.0013    0.0855
    0.2934    0.0011    0.0978
    0.2947    0.0009    0.1107
    0.2959    0.0007    0.1242
    0.2969    0.0005    0.1387
    0.2978    0.0004    0.1545
    0.2985    0.0003    0.1719
    0.2991    0.0002    0.1918
    0.2995    0.0001    0.2156
    0.2998    0.0000    0.2464
    0.3000    0.0000    0.2908
