  -3.1000000e+00  -3.1000000e+00   9.9485255e+00   7.2425888e-01
  -3.1000000e+00  -3.0752000e+00   9.9485247e+00   7.2446923e-01
  -3.1000000e+00  -3.0504000e+00   9.9485256e+00   7.2468122e-01
  -3.1000000e+00  -3.0256000e+00   9.9485282e+00   7.2489486e-01
  -3.1000000e+00  -3.0008000e+00   9.9485325e+00   7.2511014e-01
  -3.1000000e+00  -2.9760000e+00   9.9485387e+00   7.2532706e-01
  -3.1000000e+00  -2.9512000e+00   9.9485466e+00   7.2554562e-01
  -3.1000000e+00  -2.9264000e+00   9.9485564e+00   7.2576581e-01
  -3.1000000e+00  -2.9016000e+00   9.9485681e+00   7.2598764e-01
  -3.1000000e+00  -2.8768000e+00   9.9485817e+00   7.2621109e-01
  -3.1000000e+00  -2.8520000e+00   9.9485973e+00   7.2643617e-01
  -3.1000000e+00  -2.8272000e+00   9.9486150e+00   7.2666285e-01
  -3.1000000e+00  -2.8024000e+00   9.9486347e+00   7.2689115e-01
  -3.1000000e+00  -2.7776000e+00   9.9486565e+00   7.2712104e-01
  -3.1000000e+00  -2.7528000e+00   9.9486805e+00   7.2735253e-01
  -3.1000000e+00  -2.7280000e+00   9.9487068e+00   7.2758559e-01
  -3.1000000e+00  -2.7032000e+00   9.9487352e+00   7.2782023e-01
  -3.1000000e+00  -2.6784000e+00   9.9487660e+00   7.2805642e-01
  -3.1000000e+00  -2.6536000e+00   9.9487992e+00   7.2829416e-01
  -3.1000000e+00  -2.6288000e+00   9.9488347e+00   7.2853342e-01
  -3.1000000e+00  -2.6040000e+00   9.9488727e+00   7.2877421e-01
  -3.1000000e+00  -2.5792000e+00   9.9489132e+00   7.2901649e-01
  -3.1000000e+00  -2.5544000e+00   9.9489562e+00   7.2926025e-01
  -3.1000000e+00  -2.5296000e+00   9.9490018e+00   7.2950548e-01
  -3.1000000e+00  -2.5048000e+00   9.9490501e+00   7.2975215e-01
  -3.1000000e+00  -2.4800000e+00   9.9491011e+00   7.3000024e-01
  -3.1000000e+00  -2.4552000e+00   9.9491548e+00   7.3024973e-01
  -3.1000000e+00  -2.4304000e+00   9.9492114e+00   7.3050060e-01
  -3.1000000e+00  -2.4056000e+00   9.9492708e+00   7.3075282e-01
  -3.1000000e+00  -2.3808000e+00   9.9493331e+00   7.3100636e-01
  -3.1000000e+00  -2.3560000e+00   9.9493983e+00   7.3126121e-01
  -3.1000000e+00  -2.3312000e+00   9.9494666e+00   7.3151732e-01
  -3.1000000e+00  -2.3064000e+00   9.9495379e+00   7.3177466e-01
  -3.1000000e+00  -2.2816000e+00   9.9496123e+00   7.3203321e-01
  -3.1000000e+00  -2.2568000e+00   9.9496900e+00   7.3229294e-01
  -3.1000000e+00  -2.2320000e+00   9.9497708e+00   7.3255380e-01
  -3.1000000e+00  -2.2072000e+00   9.9498549e+00   7.3281575e-01
  -3.1000000e+00  -2.1824000e+00   9.9499423e+00   7.3307877e-01
  -3.1000000e+00  -2.1576000e+00   9.9500332e+00   7.3334280e-01
  -3.1000000e+00  -2.1328000e+00   9.9501274e+00   7.3360782e-01
  -3.1000000e+00  -2.1080000e+00   9.9502252e+00   7.3387377e-01
  -3.1000000e+00  -2.0832000e+00   9.9503265e+00   7.3414060e-01
  -3.1000000e+00  -2.0584000e+00   9.9504314e+00   7.3440828e-01
  -3.1000000e+00  -2.0336000e+00   9.9505399e+00   7.3467674e-01
  -3.1000000e+00  -2.0088000e+00   9.9506521e+00   7.3494595e-01
  -3.1000000e+00  -1.9840000e+00   9.9507681e+00   7.3521584e-01
  -3.1000000e+00  -1.9592000e+00   9.9508879e+00   7.3548637e-01
  -3.1000000e+00  -1.9344000e+00   9.9510115e+00   7.3575747e-01
  -3.1000000e+00  -1.9096000e+00   9.9511391e+00   7.3602909e-01
  -3.1000000e+00  -1.8848000e+00   9.9512706e+00   7.3630117e-01
  -3.1000000e+00  -1.8600000e+00   9.9514061e+00   7.3657364e-01
  -3.1000000e+00  -1.8352000e+00   9.9515456e+00   7.3684644e-01
  -3.1000000e+00  -1.8104000e+00   9.9516893e+00   7.3711950e-01
  -3.1000000e+00  -1.7856000e+00   9.9518371e+00   7.3739276e-01
  -3.1000000e+00  -1.7608000e+00   9.9519891e+00   7.3766613e-01
  -3.1000000e+00  -1.7360000e+00   9.9521453e+00   7.3793956e-01
  -3.1000000e+00  -1.7112000e+00   9.9523058e+00   7.3821297e-01
  -3.1000000e+00  -1.6864000e+00   9.9524706e+00   7.3848627e-01
  -3.1000000e+00  -1.6616000e+00   9.9526398e+00   7.3875940e-01
  -3.1000000e+00  -1.6368000e+00   9.9528133e+00   7.3903226e-01
  -3.1000000e+00  -1.6120000e+00   9.9529913e+00   7.3930478e-01
  -3.1000000e+00  -1.5872000e+00   9.9531738e+00   7.3957688e-01
  -3.1000000e+00  -1.5624000e+00   9.9533608e+00   7.3984846e-01
  -3.1000000e+00  -1.5376000e+00   9.9535524e+00   7.4011943e-01
  -3.1000000e+00  -1.5128000e+00   9.9537485e+00   7.4038971e-01
  -3.1000000e+00  -1.4880000e+00   9.9539492e+00   7.4065921e-01
  -3.1000000e+00  -1.4632000e+00   9.9541546e+00   7.4092782e-01
  -3.1000000e+00  -1.4384000e+00   9.9543646e+00   7.4119546e-01
  -3.1000000e+00  -1.4136000e+00   9.9545793e+00   7.4146202e-01
  -3.1000000e+00  -1.3888000e+00   9.9547986e+00   7.4172741e-01
  -3.1000000e+00  -1.3640000e+00   9.9550228e+00   7.4199151e-01
  -3.1000000e+00  -1.3392000e+00   9.9552516e+00   7.4225424e-01
  -3.1000000e+00  -1.3144000e+00   9.9554852e+00   7.4251549e-01
  -3.1000000e+00  -1.2896000e+00   9.9557235e+00   7.4277514e-01
  -3.1000000e+00  -1.2648000e+00   9.9559667e+00   7.4303309e-01
  -3.1000000e+00  -1.2400000e+00   9.9562146e+00   7.4328924e-01
  -3.1000000e+00  -1.2152000e+00   9.9564672e+00   7.4354346e-01
  -3.1000000e+00  -1.1904000e+00   9.9567247e+00   7.4379565e-01
  -3.1000000e+00  -1.1656000e+00   9.9569869e+00   7.4404570e-01
  -3.1000000e+00  -1.1408000e+00   9.9572539e+00   7.4429349e-01
  -3.1000000e+00  -1.1160000e+00   9.9575257e+00   7.4453891e-01
  -3.1000000e+00  -1.0912000e+00   9.9578022e+00   7.4478183e-01
  -3.1000000e+00  -1.0664000e+00   9.9580834e+00   7.4502215e-01
  -3.1000000e+00  -1.0416000e+00   9.9583693e+00   7.4525974e-01
  -3.1000000e+00  -1.0168000e+00   9.9586600e+00   7.4549449e-01
  -3.1000000e+00  -9.9200000e-01   9.9589553e+00   7.4572628e-01
  -3.1000000e+00  -9.6720000e-01   9.9592552e+00   7.4595498e-01
  -3.1000000e+00  -9.4240000e-01   9.9595597e+00   7.4618049e-01
  -3.1000000e+00  -9.1760000e-01   9.9598688e+00   7.4640268e-01
  -3.1000000e+00  -8.9280000e-01   9.9601823e+00   7.4662142e-01
  -3.1000000e+00  -8.6800000e-01   9.9605004e+00   7.4683661e-01
  -3.1000000e+00  -8.4320000e-01   9.9608229e+00   7.4704812e-01
  -3.1000000e+00  -8.1840000e-01   9.9611498e+00   7.4725584e-01
  -3.1000000e+00  -7.9360000e-01   9.9614809e+00   7.4745964e-01
  -3.1000000e+00  -7.6880000e-01   9.9618164e+00   7.4765941e-01
  -3.1000000e+00  -7.4400000e-01   9.9621560e+00   7.4785503e-01
  -3.1000000e+00  -7.1920000e-01   9.9624997e+00   7.4804639e-01
  -3.1000000e+00  -6.9440000e-01   9.9628475e+00   7.4823337e-01
  -3.1000000e+00  -6.6960000e-01   9.9631993e+00   7.4841586e-01
  -3.1000000e+00  -6.4480000e-01   9.9635549e+00   7.4859376e-01
  -3.1000000e+00  -6.2000000e-01   9.9639144e+00   7.4876694e-01
  -3.1000000e+00  -5.9520000e-01   9.9642776e+00   7.4893530e-01
  -3.1000000e+00  -5.7040000e-01   9.9646444e+00   7.4909874e-01
  -3.1000000e+00  -5.4560000e-01   9.9650148e+00   7.4925716e-01
  -3.1000000e+00  -5.2080000e-01   9.9653885e+00   7.4941044e-01
  -3.1000000e+00  -4.9600000e-01   9.9657657e+00   7.4955850e-01
  -3.1000000e+00  -4.7120000e-01   9.9661460e+00   7.4970123e-01
  -3.1000000e+00  -4.4640000e-01   9.9665295e+00   7.4983854e-01
  -3.1000000e+00  -4.2160000e-01   9.9669160e+00   7.4997035e-01
  -3.1000000e+00  -3.9680000e-01   9.9673054e+00   7.5009655e-01
  -3.1000000e+00  -3.7200000e-01   9.9676975e+00   7.5021708e-01
  -3.1000000e+00  -3.4720000e-01   9.9680923e+00   7.5033184e-01
  -3.1000000e+00  -3.2240000e-01   9.9684897e+00   7.5044077e-01
  -3.1000000e+00  -2.9760000e-01   9.9688894e+00   7.5054378e-01
  -3.1000000e+00  -2.7280000e-01   9.9692914e+00   7.5064080e-01
  -3.1000000e+00  -2.4800000e-01   9.9696955e+00   7.5073178e-01
  -3.1000000e+00  -2.2320000e-01   9.9701016e+00   7.5081664e-01
  -3.1000000e+00  -1.9840000e-01   9.9705096e+00   7.5089532e-01
  -3.1000000e+00  -1.7360000e-01   9.9709193e+00   7.5096778e-01
  -3.1000000e+00  -1.4880000e-01   9.9713306e+00   7.5103396e-01
  -3.1000000e+00  -1.2400000e-01   9.9717433e+00   7.5109382e-01
  -3.1000000e+00  -9.9200000e-02   9.9721573e+00   7.5114731e-01
  -3.1000000e+00  -7.4400000e-02   9.9725724e+00   7.5119439e-01
  -3.1000000e+00  -4.9600000e-02   9.9729886e+00   7.5123505e-01
  -3.1000000e+00  -2.4800000e-02   9.9734055e+00   7.5126924e-01
  -3.1000000e+00   4.4408921e-16   9.9738232e+00   7.5129694e-01
  -3.1000000e+00   2.4800000e-02   9.9742414e+00   7.5131814e-01
  -3.1000000e+00   4.9600000e-02   9.9746599e+00   7.5133282e-01
  -3.1000000e+00   7.4400000e-02   9.9750788e+00   7.5134097e-01
  -3.1000000e+00   9.9200000e-02   9.9754977e+00   7.5134260e-01
  -3.1000000e+00   1.2400000e-01   9.9759165e+00   7.5133768e-01
  -3.1000000e+00   1.4880000e-01   9.9763351e+00   7.5132625e-01
  -3.1000000e+00   1.7360000e-01   9.9767533e+00   7.5130829e-01
  -3.1000000e+00   1.9840000e-01   9.9771710e+00   7.5128384e-01
  -3.1000000e+00   2.2320000e-01   9.9775880e+00   7.5125290e-01
  -3.1000000e+00   2.4800000e-01   9.9780042e+00   7.5121551e-01
  -3.1000000e+00   2.7280000e-01   9.9784194e+00   7.5117169e-01
  -3.1000000e+00   2.9760000e-01   9.9788334e+00   7.5112147e-01
  -3.1000000e+00   3.2240000e-01   9.9792462e+00   7.5106489e-01
  -3.1000000e+00   3.4720000e-01   9.9796576e+00   7.5100200e-01
  -3.1000000e+00   3.7200000e-01   9.9800674e+00   7.5093284e-01
  -3.1000000e+00   3.9680000e-01   9.9804755e+00   7.5085746e-01
  -3.1000000e+00   4.2160000e-01   9.9808818e+00   7.5077592e-01
  -3.1000000e+00   4.4640000e-01   9.9812860e+00   7.5068828e-01
  -3.1000000e+00   4.7120000e-01   9.9816882e+00   7.5059459e-01
  -3.1000000e+00   4.9600000e-01   9.9820881e+00   7.5049494e-01
  -3.1000000e+00   5.2080000e-01   9.9824856e+00   7.5038938e-01
  -3.1000000e+00   5.4560000e-01   9.9828806e+00   7.5027799e-01
  -3.1000000e+00   5.7040000e-01   9.9832730e+00   7.5016086e-01
  -3.1000000e+00   5.9520000e-01   9.9836626e+00   7.5003806e-01
  -3.1000000e+00   6.2000000e-01   9.9840494e+00   7.4990967e-01
  -3.1000000e+00   6.4480000e-01   9.9844332e+00   7.4977580e-01
  -3.1000000e+00   6.6960000e-01   9.9848139e+00   7.4963651e-01
  -3.1000000e+00   6.9440000e-01   9.9851913e+00   7.4949192e-01
  -3.1000000e+00   7.1920000e-01   9.9855655e+00   7.4934211e-01
  -3.1000000e+00   7.4400000e-01   9.9859363e+00   7.4918719e-01
  -3.1000000e+00   7.6880000e-01   9.9863035e+00   7.4902725e-01
  -3.1000000e+00   7.9360000e-01   9.9866672e+00   7.4886240e-01
  -3.1000000e+00   8.1840000e-01   9.9870271e+00   7.4869275e-01
  -3.1000000e+00   8.4320000e-01   9.9873833e+00   7.4851840e-01
  -3.1000000e+00   8.6800000e-01   9.9877356e+00   7.4833946e-01
  -3.1000000e+00   8.9280000e-01   9.9880840e+00   7.4815604e-01
  -3.1000000e+00   9.1760000e-01   9.9884283e+00   7.4796826e-01
  -3.1000000e+00   9.4240000e-01   9.9887686e+00   7.4777622e-01
  -3.1000000e+00   9.6720000e-01   9.9891047e+00   7.4758005e-01
  -3.1000000e+00   9.9200000e-01   9.9894366e+00   7.4737985e-01
  -3.1000000e+00   1.0168000e+00   9.9897642e+00   7.4717575e-01
  -3.1000000e+00   1.0416000e+00   9.9900875e+00   7.4696786e-01
  -3.1000000e+00   1.0664000e+00   9.9904064e+00   7.4675629e-01
  -3.1000000e+00   1.0912000e+00   9.9907209e+00   7.4654117e-01
  -3.1000000e+00   1.1160000e+00   9.9910309e+00   7.4632262e-01
  -3.1000000e+00   1.1408000e+00   9.9913364e+00   7.4610075e-01
  -3.1000000e+00   1.1656000e+00   9.9916373e+00   7.4587568e-01
  -3.1000000e+00   1.1904000e+00   9.9919336e+00   7.4564753e-01
  -3.1000000e+00   1.2152000e+00   9.9922253e+00   7.4541642e-01
  -3.1000000e+00   1.2400000e+00   9.9925124e+00   7.4518246e-01
  -3.1000000e+00   1.2648000e+00   9.9927948e+00   7.4494578e-01
  -3.1000000e+00   1.2896000e+00   9.9930726e+00   7.4470648e-01
  -3.1000000e+00   1.3144000e+00   9.9933456e+00   7.4446469e-01
  -3.1000000e+00   1.3392000e+00   9.9936139e+00   7.4422052e-01
  -3.1000000e+00   1.3640000e+00   9.9938775e+00   7.4397408e-01
  -3.1000000e+00   1.3888000e+00   9.9941363e+00   7.4372549e-01
  -3.1000000e+00   1.4136000e+00   9.9943905e+00   7.4347486e-01
  -3.1000000e+00   1.4384000e+00   9.9946399e+00   7.4322229e-01
  -3.1000000e+00   1.4632000e+00   9.9948845e+00   7.4296790e-01
  -3.1000000e+00   1.4880000e+00   9.9951245e+00   7.4271180e-01
  -3.1000000e+00   1.5128000e+00   9.9953597e+00   7.4245410e-01
  -3.1000000e+00   1.5376000e+00   9.9955902e+00   7.4219489e-01
  -3.1000000e+00   1.5624000e+00   9.9958161e+00   7.4193429e-01
  -3.1000000e+00   1.5872000e+00   9.9960372e+00   7.4167238e-01
  -3.1000000e+00   1.6120000e+00   9.9962537e+00   7.4140929e-01
  -3.1000000e+00   1.6368000e+00   9.9964656e+00   7.4114509e-01
  -3.1000000e+00   1.6616000e+00   9.9966728e+00   7.4087990e-01
  -3.1000000e+00   1.6864000e+00   9.9968755e+00   7.4061381e-01
  -3.1000000e+00   1.7112000e+00   9.9970736e+00   7.4034690e-01
  -3.1000000e+00   1.7360000e+00   9.9972672e+00   7.4007927e-01
  -3.1000000e+00   1.7608000e+00   9.9974562e+00   7.3981101e-01
  -3.1000000e+00   1.7856000e+00   9.9976408e+00   7.3954222e-01
  -3.1000000e+00   1.8104000e+00   9.9978210e+00   7.3927296e-01
  -3.1000000e+00   1.8352000e+00   9.9979967e+00   7.3900333e-01
  -3.1000000e+00   1.8600000e+00   9.9981681e+00   7.3873341e-01
  -3.1000000e+00   1.8848000e+00   9.9983352e+00   7.3846329e-01
  -3.1000000e+00   1.9096000e+00   9.9984980e+00   7.3819302e-01
  -3.1000000e+00   1.9344000e+00   9.9986565e+00   7.3792271e-01
  -3.1000000e+00   1.9592000e+00   9.9988109e+00   7.3765240e-01
  -3.1000000e+00   1.9840000e+00   9.9989611e+00   7.3738219e-01
  -3.1000000e+00   2.0088000e+00   9.9991072e+00   7.3711214e-01
  -3.1000000e+00   2.0336000e+00   9.9992492e+00   7.3684231e-01
  -3.1000000e+00   2.0584000e+00   9.9993872e+00   7.3657278e-01
  -3.1000000e+00   2.0832000e+00   9.9995212e+00   7.3630360e-01
  -3.1000000e+00   2.1080000e+00   9.9996513e+00   7.3603484e-01
  -3.1000000e+00   2.1328000e+00   9.9997775e+00   7.3576656e-01
  -3.1000000e+00   2.1576000e+00   9.9998999e+00   7.3549882e-01
  -3.1000000e+00   2.1824000e+00   1.0000019e+01   7.3523167e-01
  -3.1000000e+00   2.2072000e+00   1.0000133e+01   7.3496517e-01
  -3.1000000e+00   2.2320000e+00   1.0000245e+01   7.3469938e-01
  -3.1000000e+00   2.2568000e+00   1.0000352e+01   7.3443433e-01
  -3.1000000e+00   2.2816000e+00   1.0000456e+01   7.3417008e-01
  -3.1000000e+00   2.3064000e+00   1.0000557e+01   7.3390668e-01
  -3.1000000e+00   2.3312000e+00   1.0000654e+01   7.3364417e-01
  -3.1000000e+00   2.3560000e+00   1.0000748e+01   7.3338260e-01
  -3.1000000e+00   2.3808000e+00   1.0000838e+01   7.3312201e-01
  -3.1000000e+00   2.4056000e+00   1.0000925e+01   7.3286243e-01
  -3.1000000e+00   2.4304000e+00   1.0001008e+01   7.3260392e-01
  -3.1000000e+00   2.4552000e+00   1.0001089e+01   7.3234649e-01
  -3.1000000e+00   2.4800000e+00   1.0001166e+01   7.3209020e-01
  -3.1000000e+00   2.5048000e+00   1.0001240e+01   7.3183507e-01
  -3.1000000e+00   2.5296000e+00   1.0001312e+01   7.3158113e-01
  -3.1000000e+00   2.5544000e+00   1.0001380e+01   7.3132842e-01
  -3.1000000e+00   2.5792000e+00   1.0001445e+01   7.3107697e-01
  -3.1000000e+00   2.6040000e+00   1.0001507e+01   7.3082679e-01
  -3.1000000e+00   2.6288000e+00   1.0001567e+01   7.3057793e-01
  -3.1000000e+00   2.6536000e+00   1.0001624e+01   7.3033041e-01
  -3.1000000e+00   2.6784000e+00   1.0001678e+01   7.3008424e-01
  -3.1000000e+00   2.7032000e+00   1.0001729e+01   7.2983945e-01
  -3.1000000e+00   2.7280000e+00   1.0001777e+01   7.2959607e-01
  -3.1000000e+00   2.7528000e+00   1.0001824e+01   7.2935411e-01
  -3.1000000e+00   2.7776000e+00   1.0001867e+01   7.2911359e-01
  -3.1000000e+00   2.8024000e+00   1.0001908e+01   7.2887452e-01
  -3.1000000e+00   2.8272000e+00   1.0001947e+01   7.2863694e-01
  -3.1000000e+00   2.8520000e+00   1.0001983e+01   7.2840084e-01
  -3.1000000e+00   2.8768000e+00   1.0002017e+01   7.2816625e-01
  -3.1000000e+00   2.9016000e+00   1.0002048e+01   7.2793318e-01
  -3.1000000e+00   2.9264000e+00   1.0002077e+01   7.2770164e-01
  -3.1000000e+00   2.9512000e+00   1.0002104e+01   7.2747163e-01
  -3.1000000e+00   2.9760000e+00   1.0002129e+01   7.2724318e-01
  -3.1000000e+00   3.0008000e+00   1.0002152e+01   7.2701630e-01
  -3.1000000e+00   3.0256000e+00   1.0002173e+01   7.2679098e-01
  -3.1000000e+00   3.0504000e+00   1.0002191e+01   7.2656724e-01
  -3.1000000e+00   3.0752000e+00   1.0002208e+01   7.2634508e-01
  -3.1000000e+00   3.1000000e+00   1.0002223e+01   7.2612451e-01
  -3.0740000e+00   3.1000000e+00   1.0002454e+01   7.2613803e-01
  -3.0480000e+00   3.1000000e+00   1.0002688e+01   7.2614974e-01
  -3.0220000e+00   3.1000000e+00   1.0002923e+01   7.2615960e-01
  -2.9960000e+00   3.1000000e+00   1.0003161e+01   7.2616756e-01
  -2.9700000e+00   3.1000000e+00   1.0003401e+01   7.2617356e-01
  -2.9440000e+00   3.1000000e+00   1.0003643e+01   7.2617756e-01
  -2.9180000e+00   3.1000000e+00   1.0003887e+01   7.2617950e-01
  -2.8920000e+00   3.1000000e+00   1.0004133e+01   7.2617933e-01
  -2.8660000e+00   3.1000000e+00   1.0004381e+01   7.2617699e-01
  -2.8400000e+00   3.1000000e+00   1.0004632e+01   7.2617243e-01
  -2.8140000e+00   3.1000000e+00   1.0004884e+01   7.2616558e-01
  -2.7880000e+00   3.1000000e+00   1.0005139e+01   7.2615639e-01
  -2.7620000e+00   3.1000000e+00   1.0005396e+01   7.2614481e-01
  -2.7360000e+00   3.1000000e+00   1.0005655e+01   7.2613077e-01
  -2.7100000e+00   3.1000000e+00   1.0005916e+01   7.2611421e-01
  -2.6840000e+00   3.1000000e+00   1.0006179e+01   7.2609507e-01
  -2.6580000e+00   3.1000000e+00   1.0006444e+01   7.2607329e-01
  -2.6320000e+00   3.1000000e+00   1.0006711e+01   7.2604881e-01
  -2.6060000e+00   3.1000000e+00   1.0006980e+01   7.2602155e-01
  -2.5800000e+00   3.1000000e+00   1.0007251e+01   7.2599146e-01
  -2.5540000e+00   3.1000000e+00   1.0007524e+01   7.2595847e-01
  -2.5280000e+00   3.1000000e+00   1.0007800e+01   7.2592251e-01
  -2.5020000e+00   3.1000000e+00   1.0008077e+01   7.2588352e-01
  -2.4760000e+00   3.1000000e+00   1.0008356e+01   7.2584142e-01
  -2.4500000e+00   3.1000000e+00   1.0008637e+01   7.2579615e-01
  -2.4240000e+00   3.1000000e+00   1.0008920e+01   7.2574764e-01
  -2.3980000e+00   3.1000000e+00   1.0009205e+01   7.2569582e-01
  -2.3720000e+00   3.1000000e+00   1.0009492e+01   7.2564062e-01
  -2.3460000e+00   3.1000000e+00   1.0009780e+01   7.2558196e-01
  -2.3200000e+00   3.1000000e+00   1.0010071e+01   7.2551977e-01
  -2.2940000e+00   3.1000000e+00   1.0010363e+01   7.2545399e-01
  -2.2680000e+00   3.1000000e+00   1.0010657e+01   7.2538453e-01
  -2.2420000e+00   3.1000000e+00   1.0010952e+01   7.2531132e-01
  -2.2160000e+00   3.1000000e+00   1.0011250e+01   7.2523430e-01
  -2.1900000e+00   3.1000000e+00   1.0011548e+01   7.2515338e-01
  -2.1640000e+00   3.1000000e+00   1.0011849e+01   7.2506849e-01
  -2.1380000e+00   3.1000000e+00   1.0012151e+01   7.2497956e-01
  -2.1120000e+00   3.1000000e+00   1.0012454e+01   7.2488650e-01
  -2.0860000e+00   3.1000000e+00   1.0012759e+01   7.2478926e-01
  -2.0600000e+00   3.1000000e+00   1.0013065e+01   7.2468774e-01
  -2.0340000e+00   3.1000000e+00   1.0013372e+01   7.2458188e-01
  -2.0080000e+00   3.1000000e+00   1.0013681e+01   7.2447160e-01
  -1.9820000e+00   3.1000000e+00   1.0013991e+01   7.2435683e-01
  -1.9560000e+00   3.1000000e+00   1.0014302e+01   7.2423748e-01
  -1.9300000e+00   3.1000000e+00   1.0014614e+01   7.2411350e-01
  -1.9040000e+00   3.1000000e+00   1.0014927e+01   7.2398479e-01
  -1.8780000e+00   3.1000000e+00   1.0015241e+01   7.2385130e-01
  -1.8520000e+00   3.1000000e+00   1.0015556e+01   7.2371294e-01
  -1.8260000e+00   3.1000000e+00   1.0015871e+01   7.2356965e-01
  -1.8000000e+00   3.1000000e+00   1.0016187e+01   7.2342136e-01
  -1.7740000e+00   3.1000000e+00   1.0016504e+01   7.2326799e-01
  -1.7480000e+00   3.1000000e+00   1.0016821e+01   7.2310948e-01
  -1.7220000e+00   3.1000000e+00   1.0017139e+01   7.2294576e-01
  -1.6960000e+00   3.1000000e+00   1.0017457e+01   7.2277676e-01
  -1.6700000e+00   3.1000000e+00   1.0017775e+01   7.2260242e-01
  -1.6440000e+00   3.1000000e+00   1.0018093e+01   7.2242268e-01
  -1.6180000e+00   3.1000000e+00   1.0018411e+01   7.2223747e-01
  -1.5920000e+00   3.1000000e+00   1.0018729e+01   7.2204674e-01
  -1.5660000e+00   3.1000000e+00   1.0019047e+01   7.2185042e-01
  -1.5400000e+00   3.1000000e+00   1.0019365e+01   7.2164846e-01
  -1.5140000e+00   3.1000000e+00   1.0019682e+01   7.2144081e-01
  -1.4880000e+00   3.1000000e+00   1.0019998e+01   7.2122742e-01
  -1.4620000e+00   3.1000000e+00   1.0020314e+01   7.2100824e-01
  -1.4360000e+00   3.1000000e+00   1.0020629e+01   7.2078323e-01
  -1.4100000e+00   3.1000000e+00   1.0020943e+01   7.2055233e-01
  -1.3840000e+00   3.1000000e+00   1.0021256e+01   7.2031552e-01
  -1.3580000e+00   3.1000000e+00   1.0021567e+01   7.2007275e-01
  -1.3320000e+00   3.1000000e+00   1.0021878e+01   7.1982399e-01
  -1.3060000e+00   3.1000000e+00   1.0022187e+01   7.1956922e-01
  -1.2800000e+00   3.1000000e+00   1.0022494e+01   7.1930840e-01
  -1.2540000e+00   3.1000000e+00   1.0022799e+01   7.1904152e-01
  -1.2280000e+00   3.1000000e+00   1.0023103e+01   7.1876855e-01
  -1.2020000e+00   3.1000000e+00   1.0023404e+01   7.1848949e-01
  -1.1760000e+00   3.1000000e+00   1.0023703e+01   7.1820431e-01
  -1.1500000e+00   3.1000000e+00   1.0024000e+01   7.1791302e-01
  -1.1240000e+00   3.1000000e+00   1.0024294e+01   7.1761561e-01
  -1.0980000e+00   3.1000000e+00   1.0024586e+01   7.1731209e-01
  -1.0720000e+00   3.1000000e+00   1.0024875e+01   7.1700247e-01
  -1.0460000e+00   3.1000000e+00   1.0025160e+01   7.1668675e-01
  -1.0200000e+00   3.1000000e+00   1.0025443e+01   7.1636497e-01
  -9.9400000e-01   3.1000000e+00   1.0025722e+01   7.1603713e-01
  -9.6800000e-01   3.1000000e+00   1.0025997e+01   7.1570327e-01
  -9.4200000e-01   3.1000000e+00   1.0026269e+01   7.1536342e-01
  -9.1600000e-01   3.1000000e+00   1.0026537e+01   7.1501762e-01
  -8.9000000e-01   3.1000000e+00   1.0026801e+01   7.1466592e-01
  -8.6400000e-01   3.1000000e+00   1.0027061e+01   7.1430837e-01
  -8.3800000e-01   3.1000000e+00   1.0027317e+01   7.1394502e-01
  -8.1200000e-01   3.1000000e+00   1.0027568e+01   7.1357594e-01
  -7.8600000e-01   3.1000000e+00   1.0027814e+01   7.1320119e-01
  -7.6000000e-01   3.1000000e+00   1.0028055e+01   7.1282084e-01
  -7.3400000e-01   3.1000000e+00   1.0028291e+01   7.1243499e-01
  -7.0800000e-01   3.1000000e+00   1.0028523e+01   7.1204371e-01
  -6.8200000e-01   3.1000000e+00   1.0028748e+01   7.1164709e-01
  -6.5600000e-01   3.1000000e+00   1.0028969e+01   7.1124524e-01
  -6.3000000e-01   3.1000000e+00   1.0029183e+01   7.1083825e-01
  -6.0400000e-01   3.1000000e+00   1.0029392e+01   7.1042624e-01
  -5.7800000e-01   3.1000000e+00   1.0029595e+01   7.1000932e-01
  -5.5200000e-01   3.1000000e+00   1.0029792e+01   7.0958762e-01
  -5.2600000e-01   3.1000000e+00   1.0029982e+01   7.0916126e-01
  -5.0000000e-01   3.1000000e+00   1.0030166e+01   7.0873037e-01
  -4.7400000e-01   3.1000000e+00   1.0030343e+01   7.0829510e-01
  -4.4800000e-01   3.1000000e+00   1.0030514e+01   7.0785558e-01
  -4.2200000e-01   3.1000000e+00   1.0030678e+01   7.0741197e-01
  -3.9600000e-01   3.1000000e+00   1.0030835e+01   7.0696442e-01
  -3.7000000e-01   3.1000000e+00   1.0030984e+01   7.0651310e-01
  -3.4400000e-01   3.1000000e+00   1.0031127e+01   7.0605816e-01
  -3.1800000e-01   3.1000000e+00   1.0031262e+01   7.0559979e-01
  -2.9200000e-01   3.1000000e+00   1.0031390e+01   7.0513814e-01
  -2.6600000e-01   3.1000000e+00   1.0031510e+01   7.0467341e-01
  -2.4000000e-01   3.1000000e+00   1.0031622e+01   7.0420577e-01
  -2.1400000e-01   3.1000000e+00   1.0031727e+01   7.0373541e-01
  -1.8800000e-01   3.1000000e+00   1.0031824e+01   7.0326253e-01
  -1.6200000e-01   3.1000000e+00   1.0031913e+01   7.0278731e-01
  -1.3600000e-01   3.1000000e+00   1.0031994e+01   7.0230996e-01
  -1.1000000e-01   3.1000000e+00   1.0032067e+01   7.0183068e-01
  -8.4000000e-02   3.1000000e+00   1.0032132e+01   7.0134967e-01
  -5.8000000e-02   3.1000000e+00   1.0032188e+01   7.0086713e-01
  -3.2000000e-02   3.1000000e+00   1.0032237e+01   7.0038328e-01
  -6.0000000e-03   3.1000000e+00   1.0032277e+01   6.9989833e-01
   2.0000000e-02   3.1000000e+00   1.0032309e+01   6.9941248e-01
   4.6000000e-02   3.1000000e+00   1.0032332e+01   6.9892595e-01
   7.2000000e-02   3.1000000e+00   1.0032348e+01   6.9843896e-01
   9.8000000e-02   3.1000000e+00   1.0032354e+01   6.9795171e-01
   1.2400000e-01   3.1000000e+00   1.0032353e+01   6.9746443e-01
   1.5000000e-01   3.1000000e+00   1.0032343e+01   6.9697733e-01
   1.7600000e-01   3.1000000e+00   1.0032325e+01   6.9649062e-01
   2.0200000e-01   3.1000000e+00   1.0032298e+01   6.9600451e-01
   2.2800000e-01   3.1000000e+00   1.0032263e+01   6.9551923e-01
   2.5400000e-01   3.1000000e+00   1.0032220e+01   6.9503498e-01
   2.8000000e-01   3.1000000e+00   1.0032168e+01   6.9455198e-01
   3.0600000e-01   3.1000000e+00   1.0032109e+01   6.9407042e-01
   3.3200000e-01   3.1000000e+00   1.0032041e+01   6.9359053e-01
   3.5800000e-01   3.1000000e+00   1.0031965e+01   6.9311250e-01
   3.8400000e-01   3.1000000e+00   1.0031881e+01   6.9263653e-01
   4.1000000e-01   3.1000000e+00   1.0031790e+01   6.9216282e-01
   4.3600000e-01   3.1000000e+00   1.0031690e+01   6.9169157e-01
   4.6200000e-01   3.1000000e+00   1.0031583e+01   6.9122297e-01
   4.8800000e-01   3.1000000e+00   1.0031468e+01   6.9075720e-01
   5.1400000e-01   3.1000000e+00   1.0031345e+01   6.9029446e-01
   5.4000000e-01   3.1000000e+00   1.0031215e+01   6.8983492e-01
   5.6600000e-01   3.1000000e+00   1.0031077e+01   6.8937875e-01
   5.9200000e-01   3.1000000e+00   1.0030933e+01   6.8892613e-01
   6.1800000e-01   3.1000000e+00   1.0030781e+01   6.8847723e-01
   6.4400000e-01   3.1000000e+00   1.0030622e+01   6.8803220e-01
   6.7000000e-01   3.1000000e+00   1.0030456e+01   6.8759119e-01
   6.9600000e-01   3.1000000e+00   1.0030284e+01   6.8715437e-01
   7.2200000e-01   3.1000000e+00   1.0030104e+01   6.8672188e-01
   7.4800000e-01   3.1000000e+00   1.0029919e+01   6.8629384e-01
   7.7400000e-01   3.1000000e+00   1.0029727e+01   6.8587041e-01
   8.0000000e-01   3.1000000e+00   1.0029529e+01   6.8545171e-01
   8.2600000e-01   3.1000000e+00   1.0029325e+01   6.8503786e-01
   8.5200000e-01   3.1000000e+00   1.0029115e+01   6.8462897e-01
   8.7800000e-01   3.1000000e+00   1.0028899e+01   6.8422516e-01
   9.0400000e-01   3.1000000e+00   1.0028678e+01   6.8382654e-01
   9.3000000e-01   3.1000000e+00   1.0028451e+01   6.8343320e-01
   9.5600000e-01   3.1000000e+00   1.0028220e+01   6.8304523e-01
   9.8200000e-01   3.1000000e+00   1.0027983e+01   6.8266272e-01
   1.0080000e+00   3.1000000e+00   1.0027741e+01   6.8228576e-01
   1.0340000e+00   3.1000000e+00   1.0027494e+01   6.8191441e-01
   1.0600000e+00   3.1000000e+00   1.0027243e+01   6.8154875e-01
   1.0860000e+00   3.1000000e+00   1.0026988e+01   6.8118884e-01
   1.1120000e+00   3.1000000e+00   1.0026728e+01   6.8083474e-01
   1.1380000e+00   3.1000000e+00   1.0026464e+01   6.8048650e-01
   1.1640000e+00   3.1000000e+00   1.0026196e+01   6.8014417e-01
   1.1900000e+00   3.1000000e+00   1.0025925e+01   6.7980778e-01
   1.2160000e+00   3.1000000e+00   1.0025650e+01   6.7947737e-01
   1.2420000e+00   3.1000000e+00   1.0025371e+01   6.7915297e-01
   1.2680000e+00   3.1000000e+00   1.0025090e+01   6.7883460e-01
   1.2940000e+00   3.1000000e+00   1.0024805e+01   6.7852230e-01
   1.3200000e+00   3.1000000e+00   1.0024517e+01   6.7821605e-01
   1.3460000e+00   3.1000000e+00   1.0024227e+01   6.7791589e-01
   1.3720000e+00   3.1000000e+00   1.0023934e+01   6.7762181e-01
   1.3980000e+00   3.1000000e+00   1.0023638e+01   6.7733381e-01
   1.4240000e+00   3.1000000e+00   1.0023341e+01   6.7705189e-01
   1.4500000e+00   3.1000000e+00   1.0023041e+01   6.7677604e-01
   1.4760000e+00   3.1000000e+00   1.0022739e+01   6.7650624e-01
   1.5020000e+00   3.1000000e+00   1.0022435e+01   6.7624248e-01
   1.5280000e+00   3.1000000e+00   1.0022130e+01   6.7598473e-01
   1.5540000e+00   3.1000000e+00   1.0021823e+01   6.7573298e-01
   1.5800000e+00   3.1000000e+00   1.0021514e+01   6.7548719e-01
   1.6060000e+00   3.1000000e+00   1.0021205e+01   6.7524733e-01
   1.6320000e+00   3.1000000e+00   1.0020894e+01   6.7501337e-01
   1.6580000e+00   3.1000000e+00   1.0020582e+01   6.7478526e-01
   1.6840000e+00   3.1000000e+00   1.0020270e+01   6.7456296e-01
   1.7100000e+00   3.1000000e+00   1.0019956e+01   6.7434644e-01
   1.7360000e+00   3.1000000e+00   1.0019642e+01   6.7413564e-01
   1.7620000e+00   3.1000000e+00   1.0019328e+01   6.7393052e-01
   1.7880000e+00   3.1000000e+00   1.0019013e+01   6.7373101e-01
   1.8140000e+00   3.1000000e+00   1.0018698e+01   6.7353707e-01
   1.8400000e+00   3.1000000e+00   1.0018382e+01   6.7334864e-01
   1.8660000e+00   3.1000000e+00   1.0018067e+01   6.7316567e-01
   1.8920000e+00   3.1000000e+00   1.0017752e+01   6.7298808e-01
   1.9180000e+00   3.1000000e+00   1.0017436e+01   6.7281582e-01
   1.9440000e+00   3.1000000e+00   1.0017122e+01   6.7264883e-01
   1.9700000e+00   3.1000000e+00   1.0016807e+01   6.7248704e-01
   1.9960000e+00   3.1000000e+00   1.0016493e+01   6.7233037e-01
   2.0220000e+00   3.1000000e+00   1.0016179e+01   6.7217878e-01
   2.0480000e+00   3.1000000e+00   1.0015866e+01   6.7203218e-01
   2.0740000e+00   3.1000000e+00   1.0015554e+01   6.7189051e-01
   2.1000000e+00   3.1000000e+00   1.0015242e+01   6.7175369e-01
   2.1260000e+00   3.1000000e+00   1.0014932e+01   6.7162165e-01
   2.1520000e+00   3.1000000e+00   1.0014622e+01   6.7149433e-01
   2.1780000e+00   3.1000000e+00   1.0014313e+01   6.7137165e-01
   2.2040000e+00   3.1000000e+00   1.0014005e+01   6.7125353e-01
   2.2300000e+00   3.1000000e+00   1.0013699e+01   6.7113990e-01
   2.2560000e+00   3.1000000e+00   1.0013394e+01   6.7103069e-01
   2.2820000e+00   3.1000000e+00   1.0013089e+01   6.7092582e-01
   2.3080000e+00   3.1000000e+00   1.0012787e+01   6.7082522e-01
   2.3340000e+00   3.1000000e+00   1.0012485e+01   6.7072881e-01
   2.3600000e+00   3.1000000e+00   1.0012185e+01   6.7063653e-01
   2.3860000e+00   3.1000000e+00   1.0011887e+01   6.7054829e-01
   2.4120000e+00   3.1000000e+00   1.0011590e+01   6.7046402e-01
   2.4380000e+00   3.1000000e+00   1.0011294e+01   6.7038364e-01
   2.4640000e+00   3.1000000e+00   1.0011000e+01   6.7030709e-01
   2.4900000e+00   3.1000000e+00   1.0010708e+01   6.7023429e-01
   2.5160000e+00   3.1000000e+00   1.0010418e+01   6.7016517e-01
   2.5420000e+00   3.1000000e+00   1.0010129e+01   6.7009964e-01
   2.5680000e+00   3.1000000e+00   1.0009842e+01   6.7003766e-01
   2.5940000e+00   3.1000000e+00   1.0009557e+01   6.6997913e-01
   2.6200000e+00   3.1000000e+00   1.0009273e+01   6.6992398e-01
   2.6460000e+00   3.1000000e+00   1.0008992e+01   6.6987216e-01
   2.6720000e+00   3.1000000e+00   1.0008712e+01   6.6982359e-01
   2.6980000e+00   3.1000000e+00   1.0008434e+01   6.6977819e-01
   2.7240000e+00   3.1000000e+00   1.0008158e+01   6.6973591e-01
   2.7500000e+00   3.1000000e+00   1.0007885e+01   6.6969667e-01
   2.7760000e+00   3.1000000e+00   1.0007613e+01   6.6966040e-01
   2.8020000e+00   3.1000000e+00   1.0007343e+01   6.6962705e-01
   2.8280000e+00   3.1000000e+00   1.0007075e+01   6.6959654e-01
   2.8540000e+00   3.1000000e+00   1.0006809e+01   6.6956881e-01
   2.8800000e+00   3.1000000e+00   1.0006545e+01   6.6954379e-01
   2.9060000e+00   3.1000000e+00   1.0006283e+01   6.6952143e-01
   2.9320000e+00   3.1000000e+00   1.0006023e+01   6.6950165e-01
   2.9580000e+00   3.1000000e+00   1.0005765e+01   6.6948441e-01
   2.9840000e+00   3.1000000e+00   1.0005509e+01   6.6946964e-01
   3.0100000e+00   3.1000000e+00   1.0005256e+01   6.6945727e-01
   3.0360000e+00   3.1000000e+00   1.0005004e+01   6.6944726e-01
   3.0620000e+00   3.1000000e+00   1.0004754e+01   6.6943954e-01
   3.0880000e+00   3.1000000e+00   1.0004507e+01   6.6943406e-01
   3.1140000e+00   3.1000000e+00   1.0004261e+01   6.6943076e-01
   3.1400000e+00   3.1000000e+00   1.0004018e+01   6.6942959e-01
   3.1660000e+00   3.1000000e+00   1.0003777e+01   6.6943048e-01
   3.1920000e+00   3.1000000e+00   1.0003538e+01   6.6943340e-01
   3.2180000e+00   3.1000000e+00   1.0003301e+01   6.6943829e-01
   3.2440000e+00   3.1000000e+00   1.0003066e+01   6.6944509e-01
   3.2700000e+00   3.1000000e+00   1.0002833e+01   6.6945375e-01
   3.2960000e+00   3.1000000e+00   1.0002602e+01   6.6946424e-01
   3.3220000e+00   3.1000000e+00   1.0002373e+01   6.6947649e-01
   3.3480000e+00   3.1000000e+00   1.0002146e+01   6.6949046e-01
   3.3740000e+00   3.1000000e+00   1.0001922e+01   6.6950611e-01
   3.4000000e+00   3.1000000e+00   1.0001699e+01   6.6952338e-01
   3.4000000e+00   3.0752000e+00   1.0001681e+01   6.6931130e-01
   3.4000000e+00   3.0504000e+00   1.0001661e+01   6.6909778e-01
   3.4000000e+00   3.0256000e+00   1.0001639e+01   6.6888283e-01
   3.4000000e+00   3.0008000e+00   1.0001615e+01   6.6866647e-01
   3.4000000e+00   2.9760000e+00   1.0001589e+01   6.6844870e-01
   3.4000000e+00   2.9512000e+00   1.0001561e+01   6.6822953e-01
   3.4000000e+00   2.9264000e+00   1.0001531e+01   6.6800897e-01
   3.4000000e+00   2.9016000e+00   1.0001498e+01   6.6778704e-01
   3.4000000e+00   2.8768000e+00   1.0001464e+01   6.6756375e-01
   3.4000000e+00   2.8520000e+00   1.0001427e+01   6.6733910e-01
   3.4000000e+00   2.8272000e+00   1.0001388e+01   6.6711312e-01
   3.4000000e+00   2.8024000e+00   1.0001347e+01   6.6688583e-01
   3.4000000e+00   2.7776000e+00   1.0001303e+01   6.6665723e-01
   3.4000000e+00   2.7528000e+00   1.0001257e+01   6.6642734e-01
   3.4000000e+00   2.7280000e+00   1.0001209e+01   6.6619619e-01
   3.4000000e+00   2.7032000e+00   1.0001158e+01   6.6596380e-01
   3.4000000e+00   2.6784000e+00   1.0001105e+01   6.6573018e-01
   3.4000000e+00   2.6536000e+00   1.0001049e+01   6.6549535e-01
   3.4000000e+00   2.6288000e+00   1.0000990e+01   6.6525935e-01
   3.4000000e+00   2.6040000e+00   1.0000929e+01   6.6502219e-01
   3.4000000e+00   2.5792000e+00   1.0000865e+01   6.6478389e-01
   3.4000000e+00   2.5544000e+00   1.0000798e+01   6.6454450e-01
   3.4000000e+00   2.5296000e+00   1.0000728e+01   6.6430403e-01
   3.4000000e+00   2.5048000e+00   1.0000656e+01   6.6406251e-01
   3.4000000e+00   2.4800000e+00   1.0000581e+01   6.6381998e-01
   3.4000000e+00   2.4552000e+00   1.0000502e+01   6.6357647e-01
   3.4000000e+00   2.4304000e+00   1.0000421e+01   6.6333200e-01
   3.4000000e+00   2.4056000e+00   1.0000337e+01   6.6308662e-01
   3.4000000e+00   2.3808000e+00   1.0000250e+01   6.6284036e-01
   3.4000000e+00   2.3560000e+00   1.0000159e+01   6.6259326e-01
   3.4000000e+00   2.3312000e+00   1.0000066e+01   6.6234536e-01
   3.4000000e+00   2.3064000e+00   9.9999688e+00   6.6209670e-01
   3.4000000e+00   2.2816000e+00   9.9998687e+00   6.6184732e-01
   3.4000000e+00   2.2568000e+00   9.9997653e+00   6.6159726e-01
   3.4000000e+00   2.2320000e+00   9.9996586e+00   6.6134657e-01
   3.4000000e+00   2.2072000e+00   9.9995485e+00   6.6109530e-01
   3.4000000e+00   2.1824000e+00   9.9994349e+00   6.6084349e-01
   3.4000000e+00   2.1576000e+00   9.9993179e+00   6.6059120e-01
   3.4000000e+00   2.1328000e+00   9.9991973e+00   6.6033848e-01
   3.4000000e+00   2.1080000e+00   9.9990732e+00   6.6008537e-01
   3.4000000e+00   2.0832000e+00   9.9989454e+00   6.5983194e-01
   3.4000000e+00   2.0584000e+00   9.9988141e+00   6.5957824e-01
   3.4000000e+00   2.0336000e+00   9.9986790e+00   6.5932434e-01
   3.4000000e+00   2.0088000e+00   9.9985402e+00   6.5907028e-01
   3.4000000e+00   1.9840000e+00   9.9983976e+00   6.5881613e-01
   3.4000000e+00   1.9592000e+00   9.9982513e+00   6.5856196e-01
   3.4000000e+00   1.9344000e+00   9.9981010e+00   6.5830783e-01
   3.4000000e+00   1.9096000e+00   9.9979469e+00   6.5805380e-01
   3.4000000e+00   1.8848000e+00   9.9977889e+00   6.5779995e-01
   3.4000000e+00   1.8600000e+00   9.9976270e+00   6.5754634e-01
   3.4000000e+00   1.8352000e+00   9.9974610e+00   6.5729305e-01
   3.4000000e+00   1.8104000e+00   9.9972911e+00   6.5704015e-01
   3.4000000e+00   1.7856000e+00   9.9971171e+00   6.5678771e-01
   3.4000000e+00   1.7608000e+00   9.9969390e+00   6.5653582e-01
   3.4000000e+00   1.7360000e+00   9.9967568e+00   6.5628454e-01
   3.4000000e+00   1.7112000e+00   9.9965705e+00   6.5603397e-01
   3.4000000e+00   1.6864000e+00   9.9963801e+00   6.5578418e-01
   3.4000000e+00   1.6616000e+00   9.9961855e+00   6.5553525e-01
   3.4000000e+00   1.6368000e+00   9.9959867e+00   6.5528727e-01
   3.4000000e+00   1.6120000e+00   9.9957837e+00   6.5504032e-01
   3.4000000e+00   1.5872000e+00   9.9955764e+00   6.5479449e-01
   3.4000000e+00   1.5624000e+00   9.9953650e+00   6.5454988e-01
   3.4000000e+00   1.5376000e+00   9.9951492e+00   6.5430657e-01
   3.4000000e+00   1.5128000e+00   9.9949292e+00   6.5406465e-01
   3.4000000e+00   1.4880000e+00   9.9947050e+00   6.5382421e-01
   3.4000000e+00   1.4632000e+00   9.9944764e+00   6.5358536e-01
   3.4000000e+00   1.4384000e+00   9.9942436e+00   6.5334818e-01
   3.4000000e+00   1.4136000e+00   9.9940065e+00   6.5311277e-01
   3.4000000e+00   1.3888000e+00   9.9937651e+00   6.5287923e-01
   3.4000000e+00   1.3640000e+00   9.9935194e+00   6.5264765e-01
   3.4000000e+00   1.3392000e+00   9.9932695e+00   6.5241814e-01
   3.4000000e+00   1.3144000e+00   9.9930153e+00   6.5219079e-01
   3.4000000e+00   1.2896000e+00   9.9927569e+00   6.5196571e-01
   3.4000000e+00   1.2648000e+00   9.9924942e+00   6.5174300e-01
   3.4000000e+00   1.2400000e+00   9.9922273e+00   6.5152276e-01
   3.4000000e+00   1.2152000e+00   9.9919562e+00   6.5130508e-01
   3.4000000e+00   1.1904000e+00   9.9916809e+00   6.5109008e-01
   3.4000000e+00   1.1656000e+00   9.9914015e+00   6.5087786e-01
   3.4000000e+00   1.1408000e+00   9.9911180e+00   6.5066852e-01
   3.4000000e+00   1.1160000e+00   9.9908304e+00   6.5046216e-01
   3.4000000e+00   1.0912000e+00   9.9905387e+00   6.5025889e-01
   3.4000000e+00   1.0664000e+00   9.9902430e+00   6.5005880e-01
   3.4000000e+00   1.0416000e+00   9.9899434e+00   6.4986201e-01
   3.4000000e+00   1.0168000e+00   9.9896398e+00   6.4966861e-01
   3.4000000e+00   9.9200000e-01   9.9893324e+00   6.4947872e-01
   3.4000000e+00   9.6720000e-01   9.9890211e+00   6.4929241e-01
   3.4000000e+00   9.4240000e-01   9.9887061e+00   6.4910981e-01
   3.4000000e+00   9.1760000e-01   9.9883874e+00   6.4893101e-01
   3.4000000e+00   8.9280000e-01   9.9880650e+00   6.4875610e-01
   3.4000000e+00   8.6800000e-01   9.9877390e+00   6.4858519e-01
   3.4000000e+00   8.4320000e-01   9.9874095e+00   6.4841837e-01
   3.4000000e+00   8.1840000e-01   9.9870766e+00   6.4825574e-01
   3.4000000e+00   7.9360000e-01   9.9867403e+00   6.4809739e-01
   3.4000000e+00   7.6880000e-01   9.9864007e+00   6.4794341e-01
   3.4000000e+00   7.4400000e-01   9.9860579e+00   6.4779390e-01
   3.4000000e+00   7.1920000e-01   9.9857120e+00   6.4764894e-01
   3.4000000e+00   6.9440000e-01   9.9853631e+00   6.4750862e-01
   3.4000000e+00   6.6960000e-01   9.9850111e+00   6.4737302e-01
   3.4000000e+00   6.4480000e-01   9.9846564e+00   6.4724223e-01
   3.4000000e+00   6.2000000e-01   9.9842988e+00   6.4711633e-01
   3.4000000e+00   5.9520000e-01   9.9839386e+00   6.4699539e-01
   3.4000000e+00   5.7040000e-01   9.9835759e+00   6.4687949e-01
   3.4000000e+00   5.4560000e-01   9.9832106e+00   6.4676871e-01
   3.4000000e+00   5.2080000e-01   9.9828431e+00   6.4666310e-01
   3.4000000e+00   4.9600000e-01   9.9824732e+00   6.4656274e-01
   3.4000000e+00   4.7120000e-01   9.9821013e+00   6.4646770e-01
   3.4000000e+00   4.4640000e-01   9.9817273e+00   6.4637803e-01
   3.4000000e+00   4.2160000e-01   9.9813514e+00   6.4629379e-01
   3.4000000e+00   3.9680000e-01   9.9809734e+00   6.4621501e-01
   3.4000000e+00   3.7200000e-01   9.9805924e+00   6.4614168e-01
   3.4000000e+00   3.4720000e-01   9.9802019e+00   6.4607342e-01
   3.4000000e+00   3.2240000e-01   9.9797701e+00   6.4600821e-01
   3.4000000e+00   2.9760000e-01   9.9791633e+00   6.4593741e-01
   3.4000000e+00   2.7280000e-01   9.9778930e+00   6.4582945e-01
   3.4000000e+00   2.4800000e-01   9.9744208e+00   6.4558479e-01
   3.4000000e+00   2.2320000e-01   9.9645970e+00   6.4493487e-01
   3.4000000e+00   1.9840000e-01   9.9389466e+00   6.4326647e-01
   3.4000000e+00   1.7360000e-01   9.8795157e+00   6.3941760e-01
   3.4000000e+00   1.4880000e-01   9.7591316e+00   6.3162953e-01
   3.4000000e+00   1.2400000e-01   9.5479441e+00   6.1796999e-01
   3.4000000e+00   9.9200000e-02   9.2305377e+00   5.9744059e-01
   3.4000000e+00   7.4400000e-02   8.8288956e+00   5.7146320e-01
   3.4000000e+00   4.9600000e-02   8.4155695e+00   5.4473277e-01
   3.4000000e+00   2.4800000e-02   8.0991486e+00   5.2427771e-01
   3.4000000e+00  -4.4408921e-16   7.9798318e+00   5.1658492e-01
   3.4000000e+00  -2.4800000e-02   8.0985171e+00   5.2430422e-01
   3.4000000e+00  -4.9600000e-02   8.4142574e+00   5.4478784e-01
   3.4000000e+00  -7.4400000e-02   8.8268314e+00   5.7154981e-01
   3.4000000e+00  -9.9200000e-02   9.2276615e+00   5.9756121e-01
   3.4000000e+00  -1.2400000e-01   9.5442271e+00   6.1812575e-01
   3.4000000e+00  -1.4880000e-01   9.7545757e+00   6.3182031e-01
   3.4000000e+00  -1.7360000e-01   9.8741390e+00   6.3964254e-01
   3.4000000e+00  -1.9840000e-01   9.9327704e+00   6.4352459e-01
   3.4000000e+00  -2.2320000e-01   9.9576376e+00   6.4522537e-01
   3.4000000e+00  -2.4800000e-01   9.9666891e+00   6.4590711e-01
   3.4000000e+00  -2.7280000e-01   9.9693955e+00   6.4618317e-01
   3.4000000e+00  -2.9760000e-01   9.9699044e+00   6.4632220e-01
   3.4000000e+00  -3.2240000e-01   9.9697534e+00   6.4642376e-01
   3.4000000e+00  -3.4720000e-01   9.9694308e+00   6.4651943e-01
   3.4000000e+00  -3.7200000e-01   9.9690707e+00   6.4661780e-01
   3.4000000e+00  -3.9680000e-01   9.9687047e+00   6.4672091e-01
   3.4000000e+00  -4.2160000e-01   9.9683397e+00   6.4682909e-01
   3.4000000e+00  -4.4640000e-01   9.9679769e+00   6.4694234e-01
   3.4000000e+00  -4.7120000e-01   9.9676167e+00   6.4706062e-01
   3.4000000e+00  -4.9600000e-01   9.9672591e+00   6.4718385e-01
   3.4000000e+00  -5.2080000e-01   9.9669042e+00   6.4731194e-01
   3.4000000e+00  -5.4560000e-01   9.9665522e+00   6.4744483e-01
   3.4000000e+00  -5.7040000e-01   9.9662031e+00   6.4758243e-01
   3.4000000e+00  -5.9520000e-01   9.9658571e+00   6.4772464e-01
   3.4000000e+00  -6.2000000e-01   9.9655142e+00   6.4787140e-01
   3.4000000e+00  -6.4480000e-01   9.9651744e+00   6.4802260e-01
   3.4000000e+00  -6.6960000e-01   9.9648380e+00   6.4817815e-01
   3.4000000e+00  -6.9440000e-01   9.9645048e+00   6.4833798e-01
   3.4000000e+00  -7.1920000e-01   9.9641752e+00   6.4850197e-01
   3.4000000e+00  -7.4400000e-01   9.9638490e+00   6.4867004e-01
   3.4000000e+00  -7.6880000e-01   9.9635263e+00   6.4884208e-01
   3.4000000e+00  -7.9360000e-01   9.9632073e+00   6.4901801e-01
   3.4000000e+00  -8.1840000e-01   9.9628920e+00   6.4919773e-01
   3.4000000e+00  -8.4320000e-01   9.9625804e+00   6.4938112e-01
   3.4000000e+00  -8.6800000e-01   9.9622726e+00   6.4956811e-01
   3.4000000e+00  -8.9280000e-01   9.9619687e+00   6.4975857e-01
   3.4000000e+00  -9.1760000e-01   9.9616686e+00   6.4995242e-01
   3.4000000e+00  -9.4240000e-01   9.9613725e+00   6.5014954e-01
   3.4000000e+00  -9.6720000e-01   9.9610804e+00   6.5034985e-01
   3.4000000e+00  -9.9200000e-01   9.9607923e+00   6.5055323e-01
   3.4000000e+00  -1.0168000e+00   9.9605082e+00   6.5075958e-01
   3.4000000e+00  -1.0416000e+00   9.9602282e+00   6.5096880e-01
   3.4000000e+00  -1.0664000e+00   9.9599524e+00   6.5118079e-01
   3.4000000e+00  -1.0912000e+00   9.9596806e+00   6.5139545e-01
   3.4000000e+00  -1.1160000e+00   9.9594131e+00   6.5161267e-01
   3.4000000e+00  -1.1408000e+00   9.9591497e+00   6.5183236e-01
   3.4000000e+00  -1.1656000e+00   9.9588905e+00   6.5205440e-01
   3.4000000e+00  -1.1904000e+00   9.9586356e+00   6.5227871e-01
   3.4000000e+00  -1.2152000e+00   9.9583848e+00   6.5250518e-01
   3.4000000e+00  -1.2400000e+00   9.9581383e+00   6.5273371e-01
   3.4000000e+00  -1.2648000e+00   9.9578961e+00   6.5296421e-01
   3.4000000e+00  -1.2896000e+00   9.9576581e+00   6.5319658e-01
   3.4000000e+00  -1.3144000e+00   9.9574243e+00   6.5343071e-01
   3.4000000e+00  -1.3392000e+00   9.9571948e+00   6.5366653e-01
   3.4000000e+00  -1.3640000e+00   9.9569695e+00   6.5390392e-01
   3.4000000e+00  -1.3888000e+00   9.9567484e+00   6.5414281e-01
   3.4000000e+00  -1.4136000e+00   9.9565316e+00   6.5438309e-01
   3.4000000e+00  -1.4384000e+00   9.9563190e+00   6.5462468e-01
   3.4000000e+00  -1.4632000e+00   9.9561106e+00   6.5486749e-01
   3.4000000e+00  -1.4880000e+00   9.9559064e+00   6.5511142e-01
   3.4000000e+00  -1.5128000e+00   9.9557063e+00   6.5535640e-01
   3.4000000e+00  -1.5376000e+00   9.9555104e+00   6.5560234e-01
   3.4000000e+00  -1.5624000e+00   9.9553186e+00   6.5584916e-01
   3.4000000e+00  -1.5872000e+00   9.9551310e+00   6.5609676e-01
   3.4000000e+00  -1.6120000e+00   9.9549474e+00   6.5634508e-01
   3.4000000e+00  -1.6368000e+00   9.9547679e+00   6.5659404e-01
   3.4000000e+00  -1.6616000e+00   9.9545925e+00   6.5684355e-01
   3.4000000e+00  -1.6864000e+00   9.9544210e+00   6.5709354e-01
   3.4000000e+00  -1.7112000e+00   9.9542535e+00   6.5734394e-01
   3.4000000e+00  -1.7360000e+00   9.9540900e+00   6.5759467e-01
   3.4000000e+00  -1.7608000e+00   9.9539303e+00   6.5784566e-01
   3.4000000e+00  -1.7856000e+00   9.9537746e+00   6.5809685e-01
   3.4000000e+00  -1.8104000e+00   9.9536227e+00   6.5834816e-01
   3.4000000e+00  -1.8352000e+00   9.9534746e+00   6.5859954e-01
   3.4000000e+00  -1.8600000e+00   9.9533303e+00   6.5885091e-01
   3.4000000e+00  -1.8848000e+00   9.9531897e+00   6.5910222e-01
   3.4000000e+00  -1.9096000e+00   9.9530528e+00   6.5935339e-01
   3.4000000e+00  -1.9344000e+00   9.9529196e+00   6.5960438e-01
   3.4000000e+00  -1.9592000e+00   9.9527900e+00   6.5985513e-01
   3.4000000e+00  -1.9840000e+00   9.9526640e+00   6.6010558e-01
   3.4000000e+00  -2.0088000e+00   9.9525415e+00   6.6035567e-01
   3.4000000e+00  -2.0336000e+00   9.9524225e+00   6.6060536e-01
   3.4000000e+00  -2.0584000e+00   9.9523070e+00   6.6085458e-01
   3.4000000e+00  -2.0832000e+00   9.9521948e+00   6.6110330e-01
   3.4000000e+00  -2.1080000e+00   9.9520860e+00   6.6135147e-01
   3.4000000e+00  -2.1328000e+00   9.9519806e+00   6.6159903e-01
   3.4000000e+00  -2.1576000e+00   9.9518784e+00   6.6184595e-01
   3.4000000e+00  -2.1824000e+00   9.9517795e+00   6.6209217e-01
   3.4000000e+00  -2.2072000e+00   9.9516837e+00   6.6233767e-01
   3.4000000e+00  -2.2320000e+00   9.9515911e+00   6.6258239e-01
   3.4000000e+00  -2.2568000e+00   9.9515016e+00   6.6282630e-01
   3.4000000e+00  -2.2816000e+00   9.9514152e+00   6.6306936e-01
   3.4000000e+00  -2.3064000e+00   9.9513317e+00   6.6331154e-01
   3.4000000e+00  -2.3312000e+00   9.9512512e+00   6.6355280e-01
   3.4000000e+00  -2.3560000e+00   9.9511737e+00   6.6379311e-01
   3.4000000e+00  -2.3808000e+00   9.9510990e+00   6.6403244e-01
   3.4000000e+00  -2.4056000e+00   9.9510271e+00   6.6427075e-01
   3.4000000e+00  -2.4304000e+00   9.9509580e+00   6.6450802e-01
   3.4000000e+00  -2.4552000e+00   9.9508917e+00   6.6474421e-01
   3.4000000e+00  -2.4800000e+00   9.9508280e+00   6.6497931e-01
   3.4000000e+00  -2.5048000e+00   9.9507670e+00   6.6521329e-01
   3.4000000e+00  -2.5296000e+00   9.9507086e+00   6.6544612e-01
   3.4000000e+00  -2.5544000e+00   9.9506528e+00   6.6567777e-01
   3.4000000e+00  -2.5792000e+00   9.9505994e+00   6.6590824e-01
   3.4000000e+00  -2.6040000e+00   9.9505486e+00   6.6613749e-01
   3.4000000e+00  -2.6288000e+00   9.9505001e+00   6.6636551e-01
   3.4000000e+00  -2.6536000e+00   9.9504541e+00   6.6659228e-01
   3.4000000e+00  -2.6784000e+00   9.9504104e+00   6.6681777e-01
   3.4000000e+00  -2.7032000e+00   9.9503689e+00   6.6704198e-01
   3.4000000e+00  -2.7280000e+00   9.9503298e+00   6.6726489e-01
   3.4000000e+00  -2.7528000e+00   9.9502928e+00   6.6748649e-01
   3.4000000e+00  -2.7776000e+00   9.9502581e+00   6.6770675e-01
   3.4000000e+00  -2.8024000e+00   9.9502254e+00   6.6792567e-01
   3.4000000e+00  -2.8272000e+00   9.9501949e+00   6.6814324e-01
   3.4000000e+00  -2.8520000e+00   9.9501664e+00   6.6835944e-01
   3.4000000e+00  -2.8768000e+00   9.9501399e+00   6.6857426e-01
   3.4000000e+00  -2.9016000e+00   9.9501153e+00   6.6878770e-01
   3.4000000e+00  -2.9264000e+00   9.9500927e+00   6.6899974e-01
   3.4000000e+00  -2.9512000e+00   9.9500720e+00   6.6921038e-01
   3.4000000e+00  -2.9760000e+00   9.9500532e+00   6.6941962e-01
   3.4000000e+00  -3.0008000e+00   9.9500362e+00   6.6962743e-01
   3.4000000e+00  -3.0256000e+00   9.9500209e+00   6.6983383e-01
   3.4000000e+00  -3.0504000e+00   9.9500074e+00   6.7003880e-01
   3.4000000e+00  -3.0752000e+00   9.9499956e+00   6.7024234e-01
   3.4000000e+00  -3.1000000e+00   9.9499855e+00   6.7044444e-01
   3.3740000e+00  -3.1000000e+00   9.9497734e+00   6.7043548e-01
   3.3480000e+00  -3.1000000e+00   9.9495596e+00   6.7042813e-01
   3.3220000e+00  -3.1000000e+00   9.9493440e+00   6.7042245e-01
   3.2960000e+00  -3.1000000e+00   9.9491265e+00   6.7041848e-01
   3.2700000e+00  -3.1000000e+00   9.9489073e+00   6.7041625e-01
   3.2440000e+00  -3.1000000e+00   9.9486862e+00   6.7041581e-01
   3.2180000e+00  -3.1000000e+00   9.9484634e+00   6.7041721e-01
   3.1920000e+00  -3.1000000e+00   9.9482387e+00   6.7042049e-01
   3.1660000e+00  -3.1000000e+00   9.9480123e+00   6.7042570e-01
   3.1400000e+00  -3.1000000e+00   9.9477840e+00   6.7043288e-01
   3.1140000e+00  -3.1000000e+00   9.9475540e+00   6.7044208e-01
   3.0880000e+00  -3.1000000e+00   9.9473221e+00   6.7045336e-01
   3.0620000e+00  -3.1000000e+00   9.9470885e+00   6.7046674e-01
   3.0360000e+00  -3.1000000e+00   9.9468531e+00   6.7048230e-01
   3.0100000e+00  -3.1000000e+00   9.9466159e+00   6.7050007e-01
   2.9840000e+00  -3.1000000e+00   9.9463770e+00   6.7052011e-01
   2.9580000e+00  -3.1000000e+00   9.9461363e+00   6.7054247e-01
   2.9320000e+00  -3.1000000e+00   9.9458938e+00   6.7056720e-01
   2.9060000e+00  -3.1000000e+00   9.9456497e+00   6.7059436e-01
   2.8800000e+00  -3.1000000e+00   9.9454038e+00   6.7062399e-01
   2.8540000e+00  -3.1000000e+00   9.9451562e+00   6.7065615e-01
   2.8280000e+00  -3.1000000e+00   9.9449069e+00   6.7069090e-01
   2.8020000e+00  -3.1000000e+00   9.9446559e+00   6.7072829e-01
   2.7760000e+00  -3.1000000e+00   9.9444033e+00   6.7076838e-01
   2.7500000e+00  -3.1000000e+00   9.9441490e+00   6.7081122e-01
   2.7240000e+00  -3.1000000e+00   9.9438931e+00   6.7085687e-01
   2.6980000e+00  -3.1000000e+00   9.9436356e+00   6.7090539e-01
   2.6720000e+00  -3.1000000e+00   9.9433766e+00   6.7095683e-01
   2.6460000e+00  -3.1000000e+00   9.9431160e+00   6.7101126e-01
   2.6200000e+00  -3.1000000e+00   9.9428539e+00   6.7106873e-01
   2.5940000e+00  -3.1000000e+00   9.9425902e+00   6.7112930e-01
   2.5680000e+00  -3.1000000e+00   9.9423252e+00   6.7119303e-01
   2.5420000e+00  -3.1000000e+00   9.9420587e+00   6.7125998e-01
   2.5160000e+00  -3.1000000e+00   9.9417907e+00   6.7133021e-01
   2.4900000e+00  -3.1000000e+00   9.9415215e+00   6.7140378e-01
   2.4640000e+00  -3.1000000e+00   9.9412509e+00   6.7148076e-01
   2.4380000e+00  -3.1000000e+00   9.9409790e+00   6.7156119e-01
   2.4120000e+00  -3.1000000e+00   9.9407058e+00   6.7164515e-01
   2.3860000e+00  -3.1000000e+00   9.9404315e+00   6.7173270e-01
   2.3600000e+00  -3.1000000e+00   9.9401560e+00   6.7182388e-01
   2.3340000e+00  -3.1000000e+00   9.9398794e+00   6.7191878e-01
   2.3080000e+00  -3.1000000e+00   9.9396017e+00   6.7201743e-01
   2.2820000e+00  -3.1000000e+00   9.9393230e+00   6.7211992e-01
   2.2560000e+00  -3.1000000e+00   9.9390433e+00   6.7222629e-01
   2.2300000e+00  -3.1000000e+00   9.9387627e+00   6.7233661e-01
   2.2040000e+00  -3.1000000e+00   9.9384813e+00   6.7245094e-01
   2.1780000e+00  -3.1000000e+00   9.9381991e+00   6.7256933e-01
   2.1520000e+00  -3.1000000e+00   9.9379161e+00   6.7269185e-01
   2.1260000e+00  -3.1000000e+00   9.9376325e+00   6.7281855e-01
   2.1000000e+00  -3.1000000e+00   9.9373483e+00   6.7294949e-01
   2.0740000e+00  -3.1000000e+00   9.9370635e+00   6.7308473e-01
   2.0480000e+00  -3.1000000e+00   9.9367783e+00   6.7322432e-01
   2.0220000e+00  -3.1000000e+00   9.9364927e+00   6.7336833e-01
   1.9960000e+00  -3.1000000e+00   9.9362067e+00   6.7351679e-01
   1.9700000e+00  -3.1000000e+00   9.9359205e+00   6.7366978e-01
   1.9440000e+00  -3.1000000e+00   9.9356342e+00   6.7382733e-01
   1.9180000e+00  -3.1000000e+00   9.9353478e+00   6.7398950e-01
   1.8920000e+00  -3.1000000e+00   9.9350614e+00   6.7415635e-01
   1.8660000e+00  -3.1000000e+00   9.9347751e+00   6.7432791e-01
   1.8400000e+00  -3.1000000e+00   9.9344890e+00   6.7450424e-01
   1.8140000e+00  -3.1000000e+00   9.9342032e+00   6.7468537e-01
   1.7880000e+00  -3.1000000e+00   9.9339177e+00   6.7487136e-01
   1.7620000e+00  -3.1000000e+00   9.9336327e+00   6.7506224e-01
   1.7360000e+00  -3.1000000e+00   9.9333483e+00   6.7525806e-01
   1.7100000e+00  -3.1000000e+00   9.9330645e+00   6.7545884e-01
   1.6840000e+00  -3.1000000e+00   9.9327815e+00   6.7566464e-01
   1.6580000e+00  -3.1000000e+00   9.9324994e+00   6.7587547e-01
   1.6320000e+00  -3.1000000e+00   9.9322183e+00   6.7609137e-01
   1.6060000e+00  -3.1000000e+00   9.9319383e+00   6.7631238e-01
   1.5800000e+00  -3.1000000e+00   9.9316595e+00   6.7653850e-01
   1.5540000e+00  -3.1000000e+00   9.9313820e+00   6.7676977e-01
   1.5280000e+00  -3.1000000e+00   9.9311060e+00   6.7700621e-01
   1.5020000e+00  -3.1000000e+00   9.9308315e+00   6.7724783e-01
   1.4760000e+00  -3.1000000e+00   9.9305587e+00   6.7749465e-01
   1.4500000e+00  -3.1000000e+00   9.9302877e+00   6.7774668e-01
   1.4240000e+00  -3.1000000e+00   9.9300186e+00   6.7800393e-01
   1.3980000e+00  -3.1000000e+00   9.9297516e+00   6.7826639e-01
   1.3720000e+00  -3.1000000e+00   9.9294868e+00   6.7853408e-01
   1.3460000e+00  -3.1000000e+00   9.9292242e+00   6.7880699e-01
   1.3200000e+00  -3.1000000e+00   9.9289641e+00   6.7908511e-01
   1.2940000e+00  -3.1000000e+00   9.9287066e+00   6.7936843e-01
   1.2680000e+00  -3.1000000e+00   9.9284518e+00   6.7965694e-01
   1.2420000e+00  -3.1000000e+00   9.9281998e+00   6.7995062e-01
   1.2160000e+00  -3.1000000e+00   9.9279507e+00   6.8024945e-01
   1.1900000e+00  -3.1000000e+00   9.9277048e+00   6.8055340e-01
   1.1640000e+00  -3.1000000e+00   9.9274621e+00   6.8086244e-01
   1.1380000e+00  -3.1000000e+00   9.9272228e+00   6.8117654e-01
   1.1120000e+00  -3.1000000e+00   9.9269870e+00   6.8149566e-01
   1.0860000e+00  -3.1000000e+00   9.9267548e+00   6.8181976e-01
   1.0600000e+00  -3.1000000e+00   9.9265264e+00   6.8214878e-01
   1.0340000e+00  -3.1000000e+00   9.9263020e+00   6.8248268e-01
   1.0080000e+00  -3.1000000e+00   9.9260815e+00   6.8282140e-01
   9.8200000e-01  -3.1000000e+00   9.9258653e+00   6.8316487e-01
   9.5600000e-01  -3.1000000e+00   9.9256534e+00   6.8351304e-01
   9.3000000e-01  -3.1000000e+00   9.9254459e+00   6.8386583e-01
   9.0400000e-01  -3.1000000e+00   9.9252430e+00   6.8422317e-01
   8.7800000e-01  -3.1000000e+00   9.9250448e+00   6.8458498e-01
   8.5200000e-01  -3.1000000e+00   9.9248515e+00   6.8495116e-01
   8.2600000e-01  -3.1000000e+00   9.9246631e+00   6.8532165e-01
   8.0000000e-01  -3.1000000e+00   9.9244798e+00   6.8569633e-01
   7.7400000e-01  -3.1000000e+00   9.9243018e+00   6.8607512e-01
   7.4800000e-01  -3.1000000e+00   9.9241291e+00   6.8645791e-01
   7.2200000e-01  -3.1000000e+00   9.9239618e+00   6.8684460e-01
   6.9600000e-01  -3.1000000e+00   9.9238002e+00   6.8723506e-01
   6.7000000e-01  -3.1000000e+00   9.9236442e+00   6.8762920e-01
   6.4400000e-01  -3.1000000e+00   9.9234940e+00   6.8802689e-01
   6.1800000e-01  -3.1000000e+00   9.9233497e+00   6.8842800e-01
   5.9200000e-01  -3.1000000e+00   9.9232114e+00   6.8883241e-01
   5.6600000e-01  -3.1000000e+00   9.9230793e+00   6.8923999e-01
   5.4000000e-01  -3.1000000e+00   9.9229533e+00   6.8965059e-01
   5.1400000e-01  -3.1000000e+00   9.9228336e+00   6.9006409e-01
   4.8800000e-01  -3.1000000e+00   9.9227204e+00   6.9048034e-01
   4.6200000e-01  -3.1000000e+00   9.9226136e+00   6.9089920e-01
   4.3600000e-01  -3.1000000e+00   9.9225133e+00   6.9132050e-01
   4.1000000e-01  -3.1000000e+00   9.9224197e+00   6.9174412e-01
   3.8400000e-01  -3.1000000e+00   9.9223328e+00   6.9216987e-01
   3.5800000e-01  -3.1000000e+00   9.9222526e+00   6.9259762e-01
   3.3200000e-01  -3.1000000e+00   9.9221792e+00   6.9302720e-01
   3.0600000e-01  -3.1000000e+00   9.9221128e+00   6.9345845e-01
   2.8000000e-01  -3.1000000e+00   9.9220532e+00   6.9389119e-01
   2.5400000e-01  -3.1000000e+00   9.9220007e+00   6.9432528e-01
   2.2800000e-01  -3.1000000e+00   9.9219551e+00   6.9476053e-01
   2.0200000e-01  -3.1000000e+00   9.9219167e+00   6.9519678e-01
   1.7600000e-01  -3.1000000e+00   9.9218852e+00   6.9563385e-01
   1.5000000e-01  -3.1000000e+00   9.9218609e+00   6.9607158e-01
   1.2400000e-01  -3.1000000e+00   9.9218437e+00   6.9650979e-01
   9.8000000e-02  -3.1000000e+00   9.9218337e+00   6.9694831e-01
   7.2000000e-02  -3.1000000e+00   9.9218308e+00   6.9738697e-01
   4.6000000e-02  -3.1000000e+00   9.9218350e+00   6.9782558e-01
   2.0000000e-02  -3.1000000e+00   9.9218464e+00   6.9826398e-01
  -6.0000000e-03  -3.1000000e+00   9.9218649e+00   6.9870199e-01
  -3.2000000e-02  -3.1000000e+00   9.9218905e+00   6.9913943e-01
  -5.8000000e-02  -3.1000000e+00   9.9219232e+00   6.9957615e-01
  -8.4000000e-02  -3.1000000e+00   9.9219629e+00   7.0001196e-01
  -1.1000000e-01  -3.1000000e+00   9.9220097e+00   7.0044669e-01
  -1.3600000e-01  -3.1000000e+00   9.9220635e+00   7.0088017e-01
  -1.6200000e-01  -3.1000000e+00   9.9221243e+00   7.0131224e-01
  -1.8800000e-01  -3.1000000e+00   9.9221919e+00   7.0174274e-01
  -2.1400000e-01  -3.1000000e+00   9.9222664e+00   7.0217149e-01
  -2.4000000e-01  -3.1000000e+00   9.9223477e+00   7.0259834e-01
  -2.6600000e-01  -3.1000000e+00   9.9224357e+00   7.0302313e-01
  -2.9200000e-01  -3.1000000e+00   9.9225304e+00   7.0344570e-01
  -3.1800000e-01  -3.1000000e+00   9.9226316e+00   7.0386590e-01
  -3.4400000e-01  -3.1000000e+00   9.9227394e+00   7.0428358e-01
  -3.7000000e-01  -3.1000000e+00   9.9228535e+00   7.0469859e-01
  -3.9600000e-01  -3.1000000e+00   9.9229741e+00   7.0511079e-01
  -4.2200000e-01  -3.1000000e+00   9.9231008e+00   7.0552003e-01
  -4.4800000e-01  -3.1000000e+00   9.9232337e+00   7.0592619e-01
  -4.7400000e-01  -3.1000000e+00   9.9233727e+00   7.0632912e-01
  -5.0000000e-01  -3.1000000e+00   9.9235176e+00   7.0672870e-01
  -5.2600000e-01  -3.1000000e+00   9.9236684e+00   7.0712480e-01
  -5.5200000e-01  -3.1000000e+00   9.9238249e+00   7.0751731e-01
  -5.7800000e-01  -3.1000000e+00   9.9239870e+00   7.0790609e-01
  -6.0400000e-01  -3.1000000e+00   9.9241547e+00   7.0829106e-01
  -6.3000000e-01  -3.1000000e+00   9.9243277e+00   7.0867208e-01
  -6.5600000e-01  -3.1000000e+00   9.9245060e+00   7.0904907e-01
  -6.8200000e-01  -3.1000000e+00   9.9246895e+00   7.0942191e-01
  -7.0800000e-01  -3.1000000e+00   9.9248780e+00   7.0979052e-01
  -7.3400000e-01  -3.1000000e+00   9.9250713e+00   7.1015480e-01
  -7.6000000e-01  -3.1000000e+00   9.9252695e+00   7.1051468e-01
  -7.8600000e-01  -3.1000000e+00   9.9254723e+00   7.1087006e-01
  -8.1200000e-01  -3.1000000e+00   9.9256796e+00   7.1122087e-01
  -8.3800000e-01  -3.1000000e+00   9.9258913e+00   7.1156704e-01
  -8.6400000e-01  -3.1000000e+00   9.9261072e+00   7.1190850e-01
  -8.9000000e-01  -3.1000000e+00   9.9263272e+00   7.1224518e-01
  -9.1600000e-01  -3.1000000e+00   9.9265512e+00   7.1257704e-01
  -9.4200000e-01  -3.1000000e+00   9.9267791e+00   7.1290401e-01
  -9.6800000e-01  -3.1000000e+00   9.9270107e+00   7.1322605e-01
  -9.9400000e-01  -3.1000000e+00   9.9272458e+00   7.1354311e-01
  -1.0200000e+00  -3.1000000e+00   9.9274843e+00   7.1385516e-01
  -1.0460000e+00  -3.1000000e+00   9.9277262e+00   7.1416214e-01
  -1.0720000e+00  -3.1000000e+00   9.9279712e+00   7.1446404e-01
  -1.0980000e+00  -3.1000000e+00   9.9282193e+00   7.1476082e-01
  -1.1240000e+00  -3.1000000e+00   9.9284702e+00   7.1505247e-01
  -1.1500000e+00  -3.1000000e+00   9.9287239e+00   7.1533896e-01
  -1.1760000e+00  -3.1000000e+00   9.9289803e+00   7.1562027e-01
  -1.2020000e+00  -3.1000000e+00   9.9292391e+00   7.1589640e-01
  -1.2280000e+00  -3.1000000e+00   9.9295003e+00   7.1616733e-01
  -1.2540000e+00  -3.1000000e+00   9.9297638e+00   7.1643307e-01
  -1.2800000e+00  -3.1000000e+00   9.9300293e+00   7.1669361e-01
  -1.3060000e+00  -3.1000000e+00   9.9302969e+00   7.1694896e-01
  -1.3320000e+00  -3.1000000e+00   9.9305663e+00   7.1719912e-01
  -1.3580000e+00  -3.1000000e+00   9.9308374e+00   7.1744409e-01
  -1.3840000e+00  -3.1000000e+00   9.9311102e+00   7.1768391e-01
  -1.4100000e+00  -3.1000000e+00   9.9313845e+00   7.1791857e-01
  -1.4360000e+00  -3.1000000e+00   9.9316601e+00   7.1814810e-01
  -1.4620000e+00  -3.1000000e+00   9.9319370e+00   7.1837252e-01
  -1.4880000e+00  -3.1000000e+00   9.9322151e+00   7.1859185e-01
  -1.5140000e+00  -3.1000000e+00   9.9324942e+00   7.1880613e-01
  -1.5400000e+00  -3.1000000e+00   9.9327743e+00   7.1901538e-01
  -1.5660000e+00  -3.1000000e+00   9.9330552e+00   7.1921963e-01
  -1.5920000e+00  -3.1000000e+00   9.9333368e+00   7.1941892e-01
  -1.6180000e+00  -3.1000000e+00   9.9336190e+00   7.1961328e-01
  -1.6440000e+00  -3.1000000e+00   9.9339018e+00   7.1980276e-01
  -1.6700000e+00  -3.1000000e+00   9.9341850e+00   7.1998738e-01
  -1.6960000e+00  -3.1000000e+00   9.9344685e+00   7.2016721e-01
  -1.7220000e+00  -3.1000000e+00   9.9347523e+00   7.2034227e-01
  -1.7480000e+00  -3.1000000e+00   9.9350362e+00   7.2051262e-01
  -1.7740000e+00  -3.1000000e+00   9.9353202e+00   7.2067830e-01
  -1.8000000e+00  -3.1000000e+00   9.9356041e+00   7.2083936e-01
  -1.8260000e+00  -3.1000000e+00   9.9358880e+00   7.2099586e-01
  -1.8520000e+00  -3.1000000e+00   9.9361716e+00   7.2114784e-01
  -1.8780000e+00  -3.1000000e+00   9.9364550e+00   7.2129535e-01
  -1.9040000e+00  -3.1000000e+00   9.9367381e+00   7.2143845e-01
  -1.9300000e+00  -3.1000000e+00   9.9370207e+00   7.2157720e-01
  -1.9560000e+00  -3.1000000e+00   9.9373028e+00   7.2171164e-01
  -1.9820000e+00  -3.1000000e+00   9.9375844e+00   7.2184185e-01
  -2.0080000e+00  -3.1000000e+00   9.9378654e+00   7.2196786e-01
  -2.0340000e+00  -3.1000000e+00   9.9381457e+00   7.2208974e-01
  -2.0600000e+00  -3.1000000e+00   9.9384252e+00   7.2220756e-01
  -2.0860000e+00  -3.1000000e+00   9.9387040e+00   7.2232136e-01
  -2.1120000e+00  -3.1000000e+00   9.9389818e+00   7.2243121e-01
  -2.1380000e+00  -3.1000000e+00   9.9392588e+00   7.2253716e-01
  -2.1640000e+00  -3.1000000e+00   9.9395347e+00   7.2263929e-01
  -2.1900000e+00  -3.1000000e+00   9.9398097e+00   7.2273763e-01
  -2.2160000e+00  -3.1000000e+00   9.9400836e+00   7.2283227e-01
  -2.2420000e+00  -3.1000000e+00   9.9403563e+00   7.2292325e-01
  -2.2680000e+00  -3.1000000e+00   9.9406279e+00   7.2301064e-01
  -2.2940000e+00  -3.1000000e+00   9.9408983e+00   7.2309450e-01
  -2.3200000e+00  -3.1000000e+00   9.9411674e+00   7.2317488e-01
  -2.3460000e+00  -3.1000000e+00   9.9414353e+00   7.2325186e-01
  -2.3720000e+00  -3.1000000e+00   9.9417018e+00   7.2332548e-01
  -2.3980000e+00  -3.1000000e+00   9.9419670e+00   7.2339581e-01
  -2.4240000e+00  -3.1000000e+00   9.9422307e+00   7.2346291e-01
  -2.4500000e+00  -3.1000000e+00   9.9424931e+00   7.2352684e-01
  -2.4760000e+00  -3.1000000e+00   9.9427540e+00   7.2358766e-01
  -2.5020000e+00  -3.1000000e+00   9.9430134e+00   7.2364542e-01
  -2.5280000e+00  -3.1000000e+00   9.9432713e+00   7.2370019e-01
  -2.5540000e+00  -3.1000000e+00   9.9435276e+00   7.2375202e-01
  -2.5800000e+00  -3.1000000e+00   9.9437824e+00   7.2380097e-01
  -2.6060000e+00  -3.1000000e+00   9.9440356e+00   7.2384709e-01
  -2.6320000e+00  -3.1000000e+00   9.9442872e+00   7.2389045e-01
  -2.6580000e+00  -3.1000000e+00   9.9445372e+00   7.2393110e-01
  -2.6840000e+00  -3.1000000e+00   9.9447856e+00   7.2396909e-01
  -2.7100000e+00  -3.1000000e+00   9.9450322e+00   7.2400449e-01
  -2.7360000e+00  -3.1000000e+00   9.9452772e+00   7.2403733e-01
  -2.7620000e+00  -3.1000000e+00   9.9455206e+00   7.2406769e-01
  -2.7880000e+00  -3.1000000e+00   9.9457622e+00   7.2409561e-01
  -2.8140000e+00  -3.1000000e+00   9.9460021e+00   7.2412114e-01
  -2.8400000e+00  -3.1000000e+00   9.9462402e+00   7.2414434e-01
  -2.8660000e+00  -3.1000000e+00   9.9464767e+00   7.2416525e-01
  -2.8920000e+00  -3.1000000e+00   9.9467114e+00   7.2418394e-01
  -2.9180000e+00  -3.1000000e+00   9.9469443e+00   7.2420044e-01
  -2.9440000e+00  -3.1000000e+00   9.9471755e+00   7.2421481e-01
  -2.9700000e+00  -3.1000000e+00   9.9474049e+00   7.2422709e-01
  -2.9960000e+00  -3.1000000e+00   9.9476326e+00   7.2423733e-01
  -3.0220000e+00  -3.1000000e+00   9.9478585e+00   7.2424559e-01
  -3.0480000e+00  -3.1000000e+00   9.9480826e+00   7.2425190e-01
  -3.0740000e+00  -3.1000000e+00   9.9483049e+00   7.2425632e-01
