 1.00000000e+00 -1.26000000e-03
 9.97260948e-01 -1.64366583e-03
 9.89073800e-01 -2.78276204e-03
 9.75528258e-01 -4.64247870e-03
 9.56772729e-01 -7.16762182e-03
 9.33012702e-01 -1.02863269e-02
 9.04508497e-01 -1.39143215e-02
 8.71572413e-01 -1.79590244e-02
 8.34565303e-01 -2.23228347e-02
 7.93892626e-01 -2.69051656e-02
 7.50000000e-01 -3.16030623e-02
 7.03368322e-01 -3.63105816e-02
 6.54508497e-01 -4.09174072e-02
 6.03955845e-01 -4.53074001e-02
 5.52264232e-01 -4.93578660e-02
 5.00000000e-01 -5.29402520e-02
 4.47735768e-01 -5.59227643e-02
 3.96044155e-01 -5.81750540e-02
 3.45491503e-01 -5.95747168e-02
 2.96631678e-01 -6.00149536e-02
 2.50000000e-01 -5.94124219e-02
 2.06107374e-01 -5.77141302e-02
 1.65434697e-01 -5.49022367e-02
 1.28427587e-01 -5.09958035e-02
 9.54915028e-02 -4.60489332e-02
 6.69872981e-02 -4.01451933e-02
 4.32272712e-02 -3.33887735e-02
 2.44717419e-02 -2.58933132e-02
 1.09261996e-02 -1.77697166e-02
 2.73905232e-03 -9.11447568e-03
 0.00000000e+00 0.00000000e+00
 2.73905232e-03 9.11447568e-03
 1.09261996e-02 1.77697166e-02
 2.44717419e-02 2.58933132e-02
 4.32272712e-02 3.33887735e-02
 6.69872981e-02 4.01451933e-02
 9.54915028e-02 4.60489332e-02
 1.28427587e-01 5.09958035e-02
 1.65434697e-01 5.49022367e-02
 2.06107374e-01 5.77141302e-02
 2.50000000e-01 5.94124219e-02
 2.96631678e-01 6.00149536e-02
 3.45491503e-01 5.95747168e-02
 3.96044155e-01 5.81750540e-02
 4.47735768e-01 5.59227643e-02
 5.00000000e-01 5.29402520e-02
 5.52264232e-01 4.93578660e-02
 6.03955845e-01 4.53074001e-02
 6.54508497e-01 4.09174072e-02
 7.03368322e-01 3.63105816e-02
 7.50000000e-01 3.16030623e-02
 7.93892626e-01 2.69051656e-02
 8.34565303e-01 2.23228347e-02
 8.71572413e-01 1.79590244e-02
 9.04508497e-01 1.39143215e-02
 9.33012702e-01 1.02863269e-02
 9.56772729e-01 7.16762182e-03
 9.75528258e-01 4.64247870e-03
 9.89073800e-01 2.78276204e-03
 9.97260948e-01 1.64366583e-03
 1.00000000e+00 1.26000000e-03
