"nut","k","gammaInt","p","omega","ReThetat","wallShearStress:0","wallShearStress:1","wallShearStress:2","U:0","U:1","U:2","arc_length","Points:0","Points:1","Points:2"
0,0,0.10275,0.16866,9.7632e+07,275.56,-4.7293e-05,7.2969e-06,-3.58e-24,0,0,0,0,1,0,0.5
0,0,0.091808,0.16609,9.7909e+07,277.48,-4.4821e-05,-9.2775e-06,5.2381e-22,0,0,0,0.0020681,0.99795,-0.00029013,0.5
0,0,0.070064,0.16229,9.8549e+07,277.94,-0.0001484,-2.187e-05,2.1944e-27,0,0,0,0.0042877,0.99575,-0.00060072,0.5
0,0,0.063873,0.15836,9.9252e+07,280.38,-0.00023386,-3.384e-05,3.9287e-22,0,0,0,0.0066694,0.9934,-0.00093304,0.5
0,0,0.060184,0.15407,9.9912e+07,281.95,-0.00030803,-4.4143e-05,3.9287e-22,0,0,0,0.0092239,0.99087,-0.0012884,0.5
0,0,0.057465,0.14958,1.0053e+08,283.03,-0.00038289,-5.4443e-05,6.4321e-22,0,0,0,0.011963,0.98815,-0.0016682,0.5
0,0,0.055411,0.14487,1.0111e+08,283.98,-0.00045529,-6.4315e-05,6.4321e-22,0,0,0,0.014898,0.98525,-0.0020739,0.5
0,0,0.053774,0.13997,1.0165e+08,284.86,-0.00052711,-7.4005e-05,-9.1031e-30,0,0,0,0.018044,0.98213,-0.002507,0.5
0,0,0.052278,0.13491,1.0216e+08,285.81,-0.00059892,-8.3595e-05,-4.6952e-22,0,0,0,0.021411,0.9788,-0.0029689,0.5
0,0,0.049933,0.1297,1.0263e+08,286.85,-0.00067115,-9.3131e-05,3.7268e-22,0,0,0,0.025016,0.97522,-0.0034612,0.5
0,0,0.047216,0.12437,1.0307e+08,287.95,-0.00074123,-0.00010226,8.8441e-23,0,0,0,0.028873,0.9714,-0.0039855,0.5
0,0,0.045729,0.11893,1.0348e+08,288.98,-0.0008079,-0.00011079,-8.0566e-23,0,0,0,0.032996,0.96732,-0.0045435,0.5
0,0,0.045084,0.11342,1.0386e+08,289.94,-0.00087272,-0.00011894,1.2732e-21,0,0,0,0.037402,0.96295,-0.0051367,0.5
0,0,0.044566,0.10785,1.0422e+08,290.92,-0.00093584,-0.00012674,6.6441e-23,0,0,0,0.042107,0.95829,-0.0057668,0.5
0,0,0.044142,0.10226,1.0455e+08,291.96,-0.00099713,-0.00013414,-5.3353e-22,0,0,0,0.047128,0.95331,-0.0064353,0.5
0,0,0.043792,0.09665,1.0486e+08,293.07,-0.0010565,-0.00014114,-9.5684e-30,0,0,0,0.052483,0.94801,-0.0071439,0.5
0,0,0.043488,0.091048,1.0515e+08,294.26,-0.0011138,-0.00014772,2.9684e-30,0,0,0,0.058189,0.94235,-0.0078941,0.5
0,0,0.043023,0.085468,1.0542e+08,295.55,-0.0011692,-0.00015389,-6.5125e-22,0,0,0,0.064265,0.93633,-0.0086874,0.5
0,0,0.041537,0.079921,1.0567e+08,296.96,-0.0012227,-0.00015965,-6.5125e-22,0,0,0,0.070728,0.92992,-0.0095251,0.5
0,0,0.040159,0.074417,1.059e+08,298.47,-0.0012734,-0.00016488,-8.5507e-30,0,0,0,0.077597,0.9231,-0.010409,0.5
0,0,0.039856,0.068961,1.0612e+08,300.05,-0.0013211,-0.00016954,2.1246e-27,0,0,0,0.084891,0.91587,-0.011339,0.5
0,0,0.039704,0.063561,1.0632e+08,301.69,-0.0013662,-0.0001737,-1.4901e-27,0,0,0,0.092627,0.9082,-0.012317,0.5
0,0,0.039604,0.05822,1.0651e+08,303.38,-0.0014088,-0.00017738,-3.5754e-27,0,0,0,0.10082,0.90006,-0.013344,0.5
0,0,0.039542,0.052941,1.0668e+08,305.11,-0.0014487,-0.00018053,-5.5768e-22,0,0,0,0.1095,0.89146,-0.014421,0.5
0,0,0.039513,0.047725,1.0684e+08,306.84,-0.0014856,-0.00018314,-5.5769e-22,0,0,0,0.11867,0.88236,-0.015547,0.5
0,0,0.039515,0.042573,1.0699e+08,308.53,-0.0015192,-0.00018516,5.7857e-39,0,0,0,0.12834,0.87275,-0.016723,0.5
0,0,0.039547,0.037484,1.0712e+08,310.15,-0.001549,-0.00018653,-1.7496e-27,0,0,0,0.13854,0.86263,-0.017948,0.5
0,0,0.039613,0.032459,1.0725e+08,311.75,-0.0015741,-0.00018719,2.6954e-22,0,0,0,0.14928,0.85196,-0.019223,0.5
0,0,0.039726,0.027495,1.0737e+08,313.39,-0.0015935,-0.00018701,2.6954e-22,0,0,0,0.16057,0.84076,-0.020546,0.5
0,0,0.039903,0.022593,1.0748e+08,315.05,-0.0016055,-0.0001858,3.2985e-22,0,0,0,0.17241,0.829,-0.021915,0.5
0,0,0.040165,0.017756,1.0757e+08,316.63,-0.0016076,-0.00018334,8.9622e-23,0,0,0,0.18481,0.81667,-0.02333,0.5
0,0,0.040535,0.01298,1.0767e+08,318.01,-0.0015963,-0.00017926,-8.1275e-23,0,0,0,0.19778,0.80379,-0.024787,0.5
0,0,0.04093,0.0082496,1.0775e+08,319.01,-0.0015668,-0.00017313,1.5896e-22,0,0,0,0.21132,0.79033,-0.026285,0.5
0,0,0.040591,0.0035581,1.0783e+08,319.32,-0.0015125,-0.00016429,-1.9984e-30,0,0,0,0.22542,0.77631,-0.02782,0.5
0,0,0.040703,-0.0011034,1.079e+08,318.43,-0.0014194,-0.00015142,1.1517e-30,0,0,0,0.24008,0.76174,-0.029387,0.5
0,0,0.042484,-0.005877,1.0796e+08,315.31,-0.0012626,-0.00013219,-1.0727e-22,0,0,0,0.25529,0.74662,-0.030984,0.5
0,0,0.045558,-0.011493,1.0802e+08,307.9,-0.0010083,-0.00010357,7.5619e-23,0,0,0,0.27103,0.73096,-0.032604,0.5
0,0,0.047078,-0.019523,1.0807e+08,292.4,-0.00064858,-6.5385e-05,1.8289e-22,0,0,0,0.28729,0.71478,-0.034243,0.5
0,0,0.038111,-0.029434,1.0812e+08,264.18,-0.00027022,-2.681e-05,4.0601e-22,0,0,0,0.30404,0.69811,-0.035895,0.5
0,0,0.029714,-0.03786,1.0816e+08,241.52,-8.7e-05,-8.4166e-06,-6.7396e-23,0,0,0,0.32127,0.68096,-0.037553,0.5
0,0,0.02988,-0.043724,1.082e+08,235.46,-7.8931e-05,-7.3935e-06,-4.7341e-22,0,0,0,0.33893,0.66338,-0.039209,0.5
0,0,0.029841,-0.048599,1.0823e+08,234.26,-7.8572e-05,-7.1372e-06,-5.6081e-22,0,0,0,0.357,0.64538,-0.040857,0.5
0,0,0.029693,-0.053284,1.0826e+08,234.94,-8.1312e-05,-7.1411e-06,-5.6082e-22,0,0,0,0.37543,0.62702,-0.042488,0.5
0,0,0.029418,-0.057847,1.0828e+08,236.77,-9.0406e-05,-7.6518e-06,-8.5791e-30,0,0,0,0.39419,0.60833,-0.044093,0.5
0,0,0.029068,-0.062429,1.083e+08,239.46,-0.00010277,-8.3624e-06,2.5804e-38,0,0,0,0.41322,0.58936,-0.045665,0.5
0,0,0.028653,-0.067144,1.0831e+08,242.74,-0.00011764,-9.1665e-06,-7.2501e-22,0,0,0,0.43249,0.57016,-0.047193,0.5
0,0,0.028166,-0.072022,1.0833e+08,246.47,-0.00013521,-1.0045e-05,-7.2501e-22,0,0,0,0.45194,0.55077,-0.04867,0.5
0,0,0.027662,-0.077059,1.0833e+08,250.6,-0.00015528,-1.0941e-05,5.5575e-30,0,0,0,0.47151,0.53125,-0.050085,0.5
0,0,0.027185,-0.082236,1.0834e+08,255.1,-0.00017752,-1.1787e-05,6.7241e-30,0,0,0,0.49115,0.51165,-0.051429,0.5
0,0,0.026746,-0.08753,1.0834e+08,259.96,-0.00020166,-1.2524e-05,-9.318e-22,0,0,0,0.51081,0.49203,-0.052694,0.5
0,0,0.026324,-0.092912,1.0833e+08,265.15,-0.00022748,-1.3096e-05,-1.9242e-21,0,0,0,0.53044,0.47244,-0.053871,0.5
0,0,0.025888,-0.098351,1.0832e+08,270.67,-0.00025482,-1.3446e-05,-9.9244e-22,0,0,0,0.54997,0.45294,-0.054953,0.5
0,0,0.025454,-0.10382,1.0831e+08,276.49,-0.0002836,-1.3522e-05,-1.1257e-21,0,0,0,0.56936,0.43358,-0.055931,0.5
0,0,0.025034,-0.10928,1.0829e+08,282.6,-0.00031375,-1.3273e-05,-1.1257e-21,0,0,0,0.58855,0.41441,-0.056799,0.5
0,0,0.024635,-0.1147,1.0827e+08,288.96,-0.00034527,-1.2648e-05,-6.383e-22,0,0,0,0.60749,0.39548,-0.057553,0.5
0,0,0.02426,-0.12006,1.0825e+08,295.56,-0.00037816,-1.1595e-05,-6.3829e-22,0,0,0,0.62613,0.37685,-0.058186,0.5
0,0,0.023906,-0.12533,1.0822e+08,302.36,-0.00041245,-1.0056e-05,1.0989e-31,0,0,0,0.64444,0.35855,-0.058696,0.5
0,0,0.02357,-0.13048,1.0818e+08,309.35,-0.00044818,-7.9706e-06,-1.682e-28,0,0,0,0.66236,0.34063,-0.059081,0.5
0,0,0.023251,-0.13548,1.0815e+08,316.48,-0.00048539,-5.2785e-06,-1.7348e-28,0,0,0,0.67987,0.32312,-0.059338,0.5
0,0,0.02295,-0.1403,1.081e+08,323.7,-0.00052411,-1.9138e-06,6.8169e-24,0,0,0,0.69693,0.30606,-0.059468,0.5
0,0,0.022666,-0.14493,1.0805e+08,330.97,-0.0005644,2.1953e-06,-4.5743e-22,0,0,0,0.71351,0.28948,-0.059472,0.5
0,0,0.022403,-0.14933,1.08e+08,338.22,-0.0006063,7.122e-06,-9.5815e-22,0,0,0,0.72959,0.27341,-0.059353,0.5
0,0,0.022162,-0.15349,1.0794e+08,345.41,-0.00064986,1.2945e-05,3.1445e-23,0,0,0,0.74514,0.25786,-0.059112,0.5
0,0,0.021938,-0.15738,1.0787e+08,352.51,-0.00069514,1.9747e-05,-5.9196e-22,0,0,0,0.76015,0.24285,-0.058755,0.5
0,0,0.021728,-0.16098,1.078e+08,359.49,-0.00074218,2.7618e-05,-1.1173e-21,0,0,0,0.77461,0.2284,-0.058286,0.5
0,0,0.021532,-0.16429,1.0772e+08,366.33,-0.00079107,3.6651e-05,1.2623e-21,0,0,0,0.78851,0.21451,-0.057711,0.5
0,0,0.021352,-0.16728,1.0764e+08,373.03,-0.00084185,4.6951e-05,1.2623e-21,0,0,0,0.80184,0.2012,-0.057035,0.5
0,0,0.021187,-0.16994,1.0754e+08,379.58,-0.00089463,5.8631e-05,-5.8486e-28,0,0,0,0.8146,0.18845,-0.056267,0.5
0,0,0.021037,-0.17225,1.0744e+08,386.01,-0.00094951,7.1812e-05,3.0233e-21,0,0,0,0.8268,0.17628,-0.055412,0.5
0,0,0.0209,-0.17421,1.0733e+08,392.33,-0.0010066,8.6631e-05,3.0233e-21,0,0,0,0.83844,0.16468,-0.054478,0.5
0,0,0.020778,-0.17581,1.0721e+08,398.57,-0.001066,0.00010324,1.7002e-21,0,0,0,0.84953,0.15364,-0.053471,0.5
0,0,0.020668,-0.17703,1.0708e+08,404.74,-0.0011279,0.00012181,3.5017e-21,0,0,0,0.86007,0.14315,-0.0524,0.5
0,0,0.020572,-0.17786,1.0694e+08,410.86,-0.0011925,0.00014252,3.7085e-21,0,0,0,0.87008,0.13321,-0.051272,0.5
0,0,0.020488,-0.17829,1.0679e+08,416.96,-0.0012598,0.0001656,-2.1271e-21,0,0,0,0.87958,0.12379,-0.050093,0.5
0,0,0.020415,-0.1783,1.0662e+08,423.07,-0.0013302,0.00019128,-4.0342e-21,0,0,0,0.88857,0.11488,-0.04887,0.5
0,0,0.020353,-0.1779,1.0645e+08,429.2,-0.0014038,0.00021984,2.2492e-21,0,0,0,0.89706,0.10648,-0.047609,0.5
0,0,0.020303,-0.17705,1.0626e+08,435.37,-0.0014808,0.00025158,-2.4914e-21,0,0,0,0.90509,0.098553,-0.046318,0.5
0,0,0.020263,-0.17574,1.0605e+08,441.58,-0.0015615,0.00028685,-4.7406e-21,0,0,0,0.91267,0.091094,-0.045001,0.5
0,0,0.020233,-0.17394,1.0583e+08,447.86,-0.0016461,0.00032605,1.487e-29,0,0,0,0.91981,0.084081,-0.043665,0.5
0,0,0.020212,-0.17164,1.0559e+08,454.22,-0.0017348,0.00036962,-2.7443e-21,0,0,0,0.92653,0.077498,-0.042313,0.5
0,0,0.020201,-0.1688,1.0533e+08,460.65,-0.0018279,0.00041806,-2.7443e-21,0,0,0,0.93285,0.071325,-0.040951,0.5
0,0,0.020199,-0.16538,1.0506e+08,467.16,-0.0019255,0.00047193,-1.4941e-21,0,0,0,0.93879,0.065545,-0.039583,0.5
0,0,0.020205,-0.16136,1.0476e+08,473.73,-0.0020279,0.00053185,-1.4941e-21,0,0,0,0.94437,0.060139,-0.038212,0.5
0,0,0.02022,-0.15668,1.0444e+08,480.32,-0.0021352,0.00059852,-4.0393e-27,0,0,0,0.9496,0.055088,-0.036843,0.5
0,0,0.020243,-0.15129,1.041e+08,486.9,-0.0022474,0.00067269,-2.068e-28,0,0,0,0.9545,0.050377,-0.035479,0.5
0,0,0.020275,-0.14515,1.0374e+08,493.42,-0.0023647,0.00075521,-2.0016e-28,0,0,0,0.9591,0.045986,-0.034122,0.5
0,0,0.020316,-0.13817,1.0334e+08,499.84,-0.0024868,0.00084696,-3.9409e-28,0,0,0,0.9634,0.041901,-0.032774,0.5
0,0,0.020365,-0.13031,1.0292e+08,506.12,-0.0026135,0.00094891,2.7456e-29,0,0,0,0.96743,0.038103,-0.031439,0.5
0,0,0.020424,-0.12147,1.0247e+08,512.22,-0.0027445,0.0010621,-1.6992e-21,0,0,0,0.97119,0.034579,-0.030117,0.5
0,0,0.020494,-0.11159,1.0199e+08,518.11,-0.0028789,0.0011874,-1.6992e-21,0,0,0,0.97471,0.031313,-0.028812,0.5
0,0,0.020575,-0.10058,1.0147e+08,523.75,-0.0030158,0.001326,1.1479e-41,0,0,0,0.97799,0.02829,-0.027524,0.5
0,0,0.020669,-0.088348,1.0092e+08,529.1,-0.0031539,0.0014787,-1.4678e-21,0,0,0,0.98106,0.025496,-0.026255,0.5
0,0,0.020777,-0.074812,1.0033e+08,534.11,-0.0032916,0.0016463,-1.4678e-21,0,0,0,0.98392,0.02292,-0.025007,0.5
0,0,0.020901,-0.059886,9.9697e+07,538.75,-0.0034265,0.0018294,2.9408e-39,0,0,0,0.9866,0.020547,-0.02378,0.5
0,0,0.021044,-0.043491,9.9023e+07,542.97,-0.0035561,0.0020281,-1.3376e-28,0,0,0,0.98909,0.018367,-0.022576,0.5
0,0,0.021208,-0.025563,9.8304e+07,546.72,-0.0036771,0.0022422,9.186e-30,0,0,0,0.99141,0.016367,-0.021395,0.5
0,0,0.021395,-0.0060522,9.7538e+07,549.99,-0.0037856,0.0024706,1.4295e-28,0,0,0,0.99357,0.014538,-0.02024,0.5
0,0,0.021609,0.015064,9.6723e+07,552.75,-0.0038774,0.0027116,-1.7898e-22,0,0,0,0.99559,0.012868,-0.01911,0.5
0,0,0.021854,0.037773,9.5855e+07,555.02,-0.0039479,0.0029623,-5.4529e-22,0,0,0,0.99747,0.011349,-0.018008,0.5
0,0,0.022133,0.062021,9.4932e+07,556.82,-0.0039922,0.0032187,-9.5929e-22,0,0,0,0.99921,0.0099699,-0.016934,0.5
0,0,0.022453,0.087704,9.3952e+07,558.19,-0.0040056,0.0034755,2.71e-22,0,0,0,1.0008,0.0087229,-0.015888,0.5
0,0,0.022819,0.11466,9.2913e+07,559.18,-0.0039838,0.0037262,8.6397e-22,0,0,0,1.0024,0.0075992,-0.014873,0.5
0,0,0.023237,0.14267,9.1811e+07,559.87,-0.0039235,0.0039633,9.874e-29,0,0,0,1.0038,0.0065904,-0.01389,0.5
0,0,0.023715,0.17144,9.0645e+07,560.33,-0.0038226,0.0041785,1.3564e-27,0,0,0,1.0051,0.0056885,-0.012939,0.5
0,0,0.024264,0.20065,8.9412e+07,560.61,-0.0036808,0.004363,-1.2404e-21,0,0,0,1.0063,0.0048857,-0.012022,0.5
0,0,0.024894,0.22991,8.8111e+07,560.77,-0.0035,0.0045087,-2.7585e-21,0,0,0,1.0074,0.0041745,-0.011139,0.5
0,0,0.025617,0.25882,8.674e+07,560.87,-0.0032838,0.0046081,-1.518e-21,0,0,0,1.0085,0.0035476,-0.010292,0.5
0,0,0.026449,0.28698,8.5297e+07,560.94,-0.0030382,0.0046559,-4.3264e-27,0,0,0,1.0095,0.0029977,-0.0094816,0.5
0,0,0.027408,0.314,8.3781e+07,561,-0.0027704,0.0046486,3.4275e-28,0,0,0,1.0104,0.002518,-0.0087076,0.5
0,0,0.028518,0.33953,8.2192e+07,561.07,-0.0024889,0.0045856,4.6691e-27,0,0,0,1.0112,0.0021018,-0.0079708,0.5
0,0,0.029804,0.36331,8.0529e+07,561.16,-0.0022023,0.0044688,-2.6071e-26,0,0,0,1.012,0.0017427,-0.0072711,0.5
0,0,0.031299,0.38511,7.8792e+07,561.28,-0.0019188,0.0043022,-9.6639e-22,0,0,0,1.0127,0.0014346,-0.0066085,0.5
0,0,0.033042,0.4048,7.6982e+07,561.43,-0.001646,0.004092,1.218e-21,0,0,0,1.0134,0.001172,-0.0059826,0.5
0,0,0.035083,0.42235,7.51e+07,561.6,-0.0013896,0.0038456,1.5714e-21,0,0,0,1.014,0.00094938,-0.0053925,0.5
0,0,0.037482,0.43775,7.3148e+07,561.78,-0.0011542,0.003571,-1.2968e-21,0,0,0,1.0146,0.0007619,-0.0048376,0.5
0,0,0.040304,0.45109,7.1128e+07,561.97,-0.00094261,0.0032763,7.509e-23,0,0,0,1.0152,0.00060505,-0.0043166,0.5
0,0,0.043632,0.46248,6.9043e+07,562.16,-0.00075616,0.0029691,7.5896e-22,0,0,0,1.0157,0.00047478,-0.0038284,0.5
0,0,0.047597,0.47206,6.6898e+07,562.34,-0.00059497,0.0026563,9.2264e-22,0,0,0,1.0161,0.0003674,-0.0033716,0.5
0,0,0.052377,0.48002,6.4696e+07,562.51,-0.00045821,0.0023436,1.1756e-21,0,0,0,1.0166,0.00027968,-0.0029448,0.5
0,0,0.058231,0.48652,6.2442e+07,562.65,-0.00034432,0.002036,5.2953e-22,0,0,0,1.017,0.00020872,-0.0025464,0.5
0,0,0.065547,0.49173,6.0143e+07,562.78,-0.00025132,0.001737,5.783e-22,0,0,0,1.0174,0.00015201,-0.0021751,0.5
0,0,0.074935,0.49584,5.7804e+07,562.87,-0.000177,0.0014496,3.0171e-22,0,0,0,1.0177,0.00010732,-0.0018292,0.5
0,0,0.087431,0.49898,5.5433e+07,562.95,-0.00011906,0.0011755,1.7844e-22,0,0,0,1.018,7.2751e-05,-0.0015072,0.5
0,0,0.10495,0.50131,5.3037e+07,563,-7.5276e-05,0.00091598,1.7844e-22,0,0,0,1.0183,4.6645e-05,-0.0012077,0.5
0,0,0.13149,0.50296,5.0625e+07,563.03,-4.3553e-05,0.00067179,5.2463e-23,0,0,0,1.0186,2.7581e-05,-0.00092931,0.5
0,0,0.17688,0.50404,4.8205e+07,563.04,-2.1944e-05,0.00044269,1.0927e-22,0,0,0,1.0189,1.4344e-05,-0.00067061,0.5
0,0,0.26685,0.50465,4.5786e+07,563.03,-8.75e-06,0.00022907,2.6077e-23,0,0,0,1.0191,5.899e-06,-0.0004303,0.5
0,0,0.34646,0.50487,4.3398e+07,562.96,-2.4399e-06,2.951e-05,-3.0726e-23,0,0,0,1.0193,1.3657e-06,-0.00020716,0.5
0,0,0.29729,0.50478,4.2217e+07,562.88,-2.0868e-06,-0.0001605,5.0445e-40,0,0,0,1.0195,0,0,0.5
0,0,0.19701,0.50439,4.3398e+07,562.83,-7.166e-06,-0.00034941,-1.3142e-39,0,0,0,1.0198,1.3657e-06,0.00020716,0.5
0,0,0.14666,0.50366,4.5786e+07,562.8,-1.8066e-05,-0.00054854,-5.6662e-23,0,0,0,1.02,5.899e-06,0.0004303,0.5
0,0,0.11704,0.50251,4.8205e+07,562.77,-3.6235e-05,-0.00076261,-4.388e-24,0,0,0,1.0202,1.4344e-05,0.00067061,0.5
0,0,0.097405,0.50085,5.0625e+07,562.74,-6.3175e-05,-0.00099125,5.2274e-23,0,0,0,1.0205,2.7581e-05,0.00092931,0.5
0,0,0.08335,0.49858,5.3037e+07,562.7,-0.00010061,-0.0012346,-1.7735e-22,0,0,0,1.0208,4.6645e-05,0.0012077,0.5
0,0,0.072761,0.49558,5.5433e+07,562.64,-0.00015046,-0.0014925,-1.7735e-22,0,0,0,1.0211,7.2751e-05,0.0015072,0.5
0,0,0.064488,0.49172,5.7804e+07,562.56,-0.00021482,-0.0017644,-2.9896e-22,0,0,0,1.0214,0.00010732,0.0018292,0.5
0,0,0.057851,0.48686,6.0143e+07,562.47,-0.00029588,-0.0020489,-5.7259e-22,0,0,0,1.0217,0.00015201,0.0021751,0.5
0,0,0.052417,0.48085,6.2442e+07,562.35,-0.00039588,-0.0023439,-5.234e-22,0,0,0,1.0221,0.00020872,0.0025464,0.5
0,0,0.047898,0.47351,6.4696e+07,562.22,-0.00051695,-0.0026466,-1.159e-21,0,0,0,1.0225,0.00027968,0.0029448,0.5
0,0,0.044092,0.46469,6.6898e+07,562.07,-0.00066099,-0.0029531,-9.092e-22,0,0,0,1.0229,0.0003674,0.0033716,0.5
0,0,0.040856,0.45419,6.9043e+07,561.92,-0.00082938,-0.0032585,-7.4447e-22,0,0,0,1.0234,0.00047478,0.0038284,0.5
0,0,0.038083,0.44188,7.1128e+07,561.77,-0.0010228,-0.0035567,-7.5485e-23,0,0,0,1.0239,0.00060505,0.0043166,0.5
0,0,0.035704,0.4276,7.3148e+07,561.64,-0.001241,-0.003841,1.2668e-21,0,0,0,1.0245,0.0007619,0.0048376,0.5
0,0,0.03366,0.41125,7.51e+07,561.54,-0.0014824,-0.0041036,-4.6384e-22,0,0,0,1.025,0.00094938,0.0053925,0.5
0,0,0.031898,0.39278,7.6982e+07,561.46,-0.0017438,-0.0043364,-1.0617e-21,0,0,0,1.0257,0.001172,0.0059826,0.5
0,0,0.030374,0.37217,7.8792e+07,561.44,-0.0020207,-0.0045317,-8.182e-22,0,0,0,1.0264,0.0014346,0.0066085,0.5
0,0,0.029052,0.34951,8.0529e+07,561.46,-0.0023069,-0.0046821,-2.2356e-21,0,0,0,1.0271,0.0017427,0.0072711,0.5
0,0,0.027904,0.32493,8.2192e+07,561.54,-0.0025948,-0.0047817,-1.4174e-21,0,0,0,1.0279,0.0021018,0.0079708,0.5
0,0,0.026904,0.29866,8.3781e+07,561.68,-0.0028761,-0.0048268,3.2634e-28,0,0,0,1.0287,0.002518,0.0087076,0.5
0,0,0.026032,0.271,8.5297e+07,561.86,-0.0031421,-0.0048159,-4.1157e-27,0,0,0,1.0296,0.0029977,0.0094816,0.5
0,0,0.025271,0.24231,8.674e+07,562.07,-0.0033844,-0.00475,2.8282e-21,0,0,0,1.0306,0.0035476,0.010292,0.5
0,0,0.024605,0.21296,8.8111e+07,562.28,-0.0035958,-0.0046328,3.97e-21,0,0,0,1.0317,0.0041745,0.011139,0.5
0,0,0.024022,0.18339,8.9412e+07,562.47,-0.0037708,-0.0044702,1.1419e-21,0,0,0,1.0328,0.0048857,0.012022,0.5
0,0,0.023512,0.15398,9.0645e+07,562.56,-0.0039057,-0.0042698,1.1905e-27,0,0,0,1.034,0.0056885,0.012939,0.5
0,0,0.023065,0.12511,9.1811e+07,562.51,-0.003999,-0.0040401,8.6935e-29,0,0,0,1.0353,0.0065904,0.01389,0.5
0,0,0.022673,0.097125,9.2913e+07,562.22,-0.0040514,-0.0037899,-5.2486e-28,0,0,0,1.0367,0.0075992,0.014873,0.5
0,0,0.022329,0.070284,9.3952e+07,561.63,-0.004065,-0.0035274,4.5517e-22,0,0,0,1.0383,0.0087229,0.015888,0.5
0,0,0.022028,0.044802,9.4932e+07,560.66,-0.0040436,-0.0032604,6.9517e-22,0,0,0,1.0399,0.0099699,0.016934,0.5
0,0,0.021764,0.020832,9.5855e+07,559.24,-0.0039914,-0.0029952,3.0371e-22,0,0,0,1.0416,0.011349,0.018008,0.5
0,0,0.021533,-0.0015334,9.6723e+07,557.31,-0.0039134,-0.0027371,6.3703e-23,0,0,0,1.0435,0.012868,0.01911,0.5
0,0,0.02133,-0.022252,9.7538e+07,554.85,-0.0038146,-0.0024898,-3.8305e-22,0,0,0,1.0455,0.014538,0.02024,0.5
0,0,0.021152,-0.041322,9.8304e+07,551.85,-0.0036996,-0.0022562,-3.8305e-22,0,0,0,1.0477,0.016367,0.021395,0.5
0,0,0.020997,-0.058776,9.9023e+07,548.32,-0.0035728,-0.0020379,-2.1696e-28,0,0,0,1.05,0.018367,0.022576,0.5
0,0,0.020861,-0.074669,9.9697e+07,544.28,-0.003438,-0.0018357,-4.6098e-38,0,0,0,1.0525,0.020547,0.02378,0.5
0,0,0.020743,-0.089077,1.0033e+08,539.79,-0.0032983,-0.0016498,4.7644e-44,0,0,0,1.0552,0.02292,0.025007,0.5
0,0,0.020639,-0.10208,1.0092e+08,534.87,-0.0031565,-0.0014801,-2.2421e-44,0,0,0,1.058,0.025496,0.026255,0.5
0,0,0.02055,-0.11378,1.0147e+08,529.59,-0.0030148,-0.0013257,4.5895e-41,0,0,0,1.0611,0.02829,0.027524,0.5
0,0,0.020472,-0.12425,1.0199e+08,523.98,-0.0028747,-0.0011858,3.7584e-21,0,0,0,1.0644,0.031313,0.028812,0.5
0,0,0.020406,-0.13359,1.0247e+08,518.09,-0.0027377,-0.0010595,3.7584e-21,0,0,0,1.0679,0.034579,0.030117,0.5
0,0,0.02035,-0.14189,1.0292e+08,511.97,-0.0026044,-0.0009457,2.9915e-29,0,0,0,1.0717,0.038103,0.031439,0.5
0,0,0.020302,-0.14923,1.0334e+08,505.66,-0.0024757,-0.00084328,-4.2913e-28,0,0,0,1.0757,0.041901,0.032774,0.5
0,0,0.020264,-0.15569,1.0374e+08,499.21,-0.002352,-0.00075122,-2.1343e-28,0,0,0,1.08,0.045986,0.034122,0.5
0,0,0.020234,-0.16132,1.041e+08,492.65,-0.0022333,-0.00066854,-2.1946e-28,0,0,0,1.0846,0.050377,0.035479,0.5
0,0,0.020212,-0.16621,1.0444e+08,486.02,-0.0021199,-0.00059431,3.9557e-27,0,0,0,1.0895,0.055088,0.036843,0.5
0,0,0.020198,-0.17041,1.0476e+08,479.33,-0.0020117,-0.00052766,1.5744e-21,0,0,0,1.0947,0.060139,0.038212,0.5
0,0,0.020193,-0.17395,1.0506e+08,472.61,-0.0019086,-0.00046783,1.5744e-21,0,0,0,1.1003,0.065545,0.039583,0.5
0,0,0.020197,-0.1769,1.0533e+08,465.88,-0.0018103,-0.00041409,2.8709e-21,0,0,0,1.1062,0.071325,0.040951,0.5
0,0,0.020211,-0.17929,1.0559e+08,459.15,-0.0017168,-0.00036582,2.8709e-21,0,0,0,1.1126,0.077498,0.042313,0.5
0,0,0.020234,-0.18115,1.0583e+08,452.42,-0.0016277,-0.00032244,-2.5934e-21,0,0,0,1.1193,0.084081,0.043665,0.5
0,0,0.020268,-0.18251,1.0605e+08,445.69,-0.0015428,-0.00028344,-1.3509e-22,0,0,0,1.1264,0.091094,0.045001,0.5
0,0,0.020312,-0.18341,1.0626e+08,438.97,-0.0014619,-0.00024839,1.3137e-22,0,0,0,1.134,0.098553,0.046318,0.5
0,0,0.020369,-0.18385,1.0645e+08,432.25,-0.0013847,-0.00021687,-2.3269e-21,0,0,0,1.142,0.10648,0.047609,0.5
0,0,0.020437,-0.18386,1.0662e+08,425.51,-0.001311,-0.00018854,4.155e-21,0,0,0,1.1505,0.11488,0.04887,0.5
0,0,0.020519,-0.18345,1.0679e+08,418.74,-0.0012406,-0.00016309,6.1152e-21,0,0,0,1.1595,0.12379,0.050093,0.5
0,0,0.020613,-0.18264,1.0694e+08,411.94,-0.0011731,-0.00014023,-1.7357e-21,0,0,0,1.169,0.13321,0.051272,0.5
0,0,0.02072,-0.18144,1.0708e+08,405.1,-0.0011085,-0.00011973,-5.4368e-21,0,0,0,1.179,0.14315,0.0524,0.5
0,0,0.020841,-0.17986,1.0721e+08,398.21,-0.0010466,-0.00010137,-1.7409e-21,0,0,0,1.1896,0.15364,0.053471,0.5
0,0,0.020977,-0.17792,1.0733e+08,391.25,-0.00098712,-8.4969e-05,-3.0846e-21,0,0,0,1.2006,0.16468,0.054478,0.5
0,0,0.021127,-0.17561,1.0744e+08,384.2,-0.00092999,-7.0351e-05,-3.0847e-21,0,0,0,1.2123,0.17628,0.055412,0.5
0,0,0.021292,-0.17296,1.0754e+08,377.04,-0.00087505,-5.7362e-05,6.8716e-28,0,0,0,1.2245,0.18845,0.056267,0.5
0,0,0.021473,-0.16997,1.0764e+08,369.75,-0.00082221,-4.5868e-05,-1.2815e-21,0,0,0,1.2373,0.2012,0.057035,0.5
0,0,0.021669,-0.16666,1.0772e+08,362.33,-0.00077135,-3.5749e-05,-1.2815e-21,0,0,0,1.2506,0.21451,0.057711,0.5
0,0,0.021883,-0.16303,1.078e+08,354.78,-0.00072238,-2.6891e-05,5.6526e-22,0,0,0,1.2645,0.2284,0.058286,0.5
0,0,0.022113,-0.15912,1.0787e+08,347.13,-0.00067521,-1.9191e-05,3.4584e-23,0,0,0,1.2789,0.24285,0.058755,0.5
0,0,0.022359,-0.15492,1.0794e+08,339.41,-0.00062979,-1.2555e-05,-3.2613e-23,0,0,0,1.294,0.25786,0.059112,0.5
0,0,0.02262,-0.15047,1.08e+08,331.68,-0.00058602,-6.893e-06,9.6542e-22,0,0,0,1.3095,0.27341,0.059353,0.5
0,0,0.022895,-0.14577,1.0805e+08,323.98,-0.00054388,-2.1225e-06,4.605e-22,0,0,0,1.3256,0.28948,0.059472,0.5
0,0,0.023192,-0.14086,1.081e+08,316.37,-0.0005033,1.8299e-06,-6.8502e-24,0,0,0,1.3422,0.30606,0.059468,0.5
0,0,0.023511,-0.13576,1.0815e+08,308.88,-0.00046424,5.0406e-06,1.7689e-28,0,0,0,1.3592,0.32312,0.059338,0.5
0,0,0.023851,-0.13049,1.0818e+08,301.57,-0.00042665,7.5795e-06,1.8217e-28,0,0,0,1.3767,0.34063,0.059081,0.5
0,0,0.024211,-0.12508,1.0822e+08,294.47,-0.0003905,9.5119e-06,-6.7749e-22,0,0,0,1.3947,0.35855,0.058696,0.5
0,0,0.024597,-0.11956,1.0825e+08,287.6,-0.00035575,1.0901e-05,-4.2654e-23,0,0,0,1.413,0.37685,0.058186,0.5
0,0,0.025009,-0.11395,1.0827e+08,280.98,-0.0003224,1.1805e-05,6.3485e-22,0,0,0,1.4316,0.39548,0.057553,0.5
0,0,0.025447,-0.10829,1.0829e+08,274.65,-0.00029043,1.228e-05,1.1141e-21,0,0,0,1.4505,0.41441,0.056799,0.5
0,0,0.025909,-0.10262,1.0831e+08,268.61,-0.0002599,1.2385e-05,1.1141e-21,0,0,0,1.4697,0.43358,0.055931,0.5
0,0,0.02639,-0.096949,1.0832e+08,262.9,-0.00023086,1.2178e-05,9.7683e-22,0,0,0,1.4891,0.45294,0.054953,0.5
0,0,0.026882,-0.09133,1.0833e+08,257.52,-0.00020346,1.1711e-05,1.8914e-21,0,0,0,1.5087,0.47244,0.053871,0.5
0,0,0.027366,-0.085791,1.0834e+08,252.5,-0.00017789,1.1046e-05,9.1452e-22,0,0,0,1.5283,0.49203,0.052694,0.5
0,0,0.027832,-0.080366,1.0834e+08,247.86,-0.00015443,1.0254e-05,6.59e-30,0,0,0,1.5479,0.51165,0.051429,0.5
0,0,0.028296,-0.075084,1.0833e+08,243.62,-0.00013347,9.4063e-06,5.3985e-30,0,0,0,1.5676,0.53125,0.050085,0.5
0,0,0.028758,-0.069967,1.0833e+08,239.79,-0.00011536,8.573e-06,7.0316e-22,0,0,0,1.5872,0.55077,0.04867,0.5
0,0,0.029187,-0.065016,1.0831e+08,236.5,-0.00010007,7.8022e-06,7.0316e-22,0,0,0,1.6066,0.57016,0.047193,0.5
0,0,0.029545,-0.060181,1.083e+08,233.96,-8.7833e-05,7.1566e-06,-3.7092e-39,0,0,0,1.6259,0.58936,0.045665,0.5
0,0,0.029774,-0.05531,1.0828e+08,232.5,-8.0548e-05,6.8302e-06,-8.0836e-30,0,0,0,1.6449,0.60833,0.044093,0.5
0,0,0.029876,-0.050215,1.0826e+08,232.67,-7.8517e-05,6.9091e-06,5.2341e-22,0,0,0,1.6637,0.62702,0.042488,0.5
0,0,0.029788,-0.044675,1.0823e+08,236.74,-8.4845e-05,7.7281e-06,5.234e-22,0,0,0,1.6821,0.64538,0.040857,0.5
0,0,0.034676,-0.037942,1.082e+08,254.67,-0.00014385,1.3528e-05,3.9171e-22,0,0,0,1.7002,0.66338,0.039209,0.5
0,0,0.042362,-0.029025,1.0816e+08,280.69,-0.00039012,3.762e-05,1.1002e-22,0,0,0,1.7178,0.68096,0.037553,0.5
0,0,0.044263,-0.019228,1.0812e+08,298.35,-0.00078148,7.6875e-05,-1.0586e-22,0,0,0,1.735,0.69811,0.035895,0.5
0,0,0.042626,-0.011365,1.0807e+08,307.25,-0.0011205,0.00011255,7.3547e-23,0,0,0,1.7518,0.71478,0.034243,0.5
0,0,0.041039,-0.0056867,1.0802e+08,311.11,-0.0013487,0.00013832,-1.0227e-22,0,0,0,1.7681,0.73096,0.032604,0.5
0,0,0.039917,-0.00076003,1.0796e+08,312.24,-0.0014868,0.00015557,-1.8988e-30,0,0,0,1.7838,0.74662,0.030984,0.5
0,0,0.039298,0.0040799,1.079e+08,311.85,-0.001567,0.00016713,1.7293e-31,0,0,0,1.799,0.76174,0.029387,0.5
0,0,0.038987,0.0089549,1.0783e+08,310.63,-0.0016114,0.000175,1.6407e-22,0,0,0,1.8137,0.77631,0.02782,0.5
0,0,0.039384,0.013867,1.0775e+08,308.96,-0.0016328,0.0001804,-8.0762e-23,0,0,0,1.8278,0.79033,0.026285,0.5
0,0,0.039851,0.018823,1.0767e+08,307.11,-0.0016381,0.00018396,-2.4483e-22,0,0,0,1.8413,0.80379,0.024787,0.5
0,0,0.039783,0.02383,1.0757e+08,305.21,-0.001631,0.00018601,7.3127e-30,0,0,0,1.8543,0.81667,0.02333,0.5
0,0,0.039697,0.028884,1.0748e+08,303.32,-0.0016148,0.00018689,5.4886e-30,0,0,0,1.8667,0.829,0.021915,0.5
0,0,0.03965,0.033981,1.0737e+08,301.34,-0.0015919,0.00018682,-3.2874e-22,0,0,0,1.8785,0.84076,0.020546,0.5
0,0,0.039634,0.039122,1.0725e+08,299.21,-0.0015639,0.00018598,-3.2873e-22,0,0,0,1.8898,0.85196,0.019223,0.5
0,0,0.039646,0.044306,1.0712e+08,296.99,-0.0015318,0.00018447,1.8276e-27,0,0,0,1.9005,0.86263,0.017948,0.5
0,0,0.039683,0.049533,1.0699e+08,294.73,-0.0014962,0.00018236,1.0891e-38,0,0,0,1.9107,0.87275,0.016723,0.5
0,0,0.039745,0.054801,1.0684e+08,292.49,-0.0014578,0.00017972,6.3668e-22,0,0,0,1.9204,0.88236,0.015547,0.5
0,0,0.039835,0.060108,1.0668e+08,290.3,-0.0014168,0.00017657,-9.8863e-23,0,0,0,1.9296,0.89146,0.014421,0.5
0,0,0.039954,0.065453,1.0651e+08,288.2,-0.0013736,0.00017295,-7.3553e-22,0,0,0,1.9383,0.90006,0.013344,0.5
0,0,0.040103,0.070832,1.0632e+08,286.2,-0.0013283,0.00016889,1.5608e-27,0,0,0,1.9465,0.9082,0.012317,0.5
0,0,0.040297,0.07624,1.0612e+08,284.31,-0.001281,0.0001644,-2.0431e-27,0,0,0,1.9542,0.91587,0.011339,0.5
0,0,0.040552,0.081673,1.059e+08,282.54,-0.0012318,0.0001595,-8.8902e-30,0,0,0,1.9615,0.9231,0.010409,0.5
0,0,0.041188,0.087121,1.0567e+08,280.86,-0.0011807,0.00015418,7.0765e-22,0,0,0,1.9684,0.92992,0.0095251,0.5
0,0,0.042865,0.092574,1.0542e+08,279.28,-0.0011269,0.00014833,7.0764e-22,0,0,0,1.9748,0.93633,0.0086874,0.5
0,0,0.044334,0.098022,1.0515e+08,277.84,-0.0010709,0.00014203,3.1953e-30,0,0,0,1.9809,0.94235,0.0078941,0.5
0,0,0.044829,0.10346,1.0486e+08,276.52,-0.001014,0.00013547,-5.0529e-22,0,0,0,1.9866,0.94801,0.0071439,0.5
0,0,0.045274,0.10886,1.0455e+08,275.31,-0.0009562,0.00012864,-5.0529e-22,0,0,0,1.992,0.95331,0.0064353,0.5
0,0,0.045779,0.11421,1.0422e+08,274.19,-0.00089727,0.00012151,-6.337e-22,0,0,0,1.997,0.95829,0.0057668,0.5
0,0,0.04637,0.11949,1.0386e+08,273.14,-0.00083732,0.00011411,-1.3412e-21,0,0,0,2.0017,0.96295,0.0051367,0.5
0,0,0.047074,0.12469,1.0348e+08,272.15,-0.00077651,0.00010647,8.0876e-23,0,0,0,2.0061,0.96732,0.0045435,0.5
0,0,0.04792,0.12978,1.0307e+08,270.99,-0.00071493,9.8604e-05,-8.8446e-23,0,0,0,2.0102,0.9714,0.0039855,0.5
0,0,0.050595,0.13473,1.0263e+08,269.71,-0.00065094,9.0293e-05,-8.7682e-22,0,0,0,2.0141,0.97522,0.0034612,0.5
0,0,0.053791,0.13954,1.0216e+08,268.53,-0.00058559,8.1685e-05,1.307e-28,0,0,0,2.0177,0.9788,0.0029689,0.5
0,0,0.055547,0.14418,1.0165e+08,267.49,-0.00052175,7.3187e-05,-9.3756e-30,0,0,0,2.021,0.98213,0.002507,0.5
0,0,0.057217,0.14864,1.0111e+08,266.59,-0.00045943,6.481e-05,-6.587e-22,0,0,0,2.0242,0.98525,0.0020739,0.5
0,0,0.059167,0.15291,1.0053e+08,265.73,-0.00039848,5.6536e-05,-6.5869e-22,0,0,0,2.0271,0.98815,0.0016682,0.5
0,0,0.061651,0.15695,9.9912e+07,264.87,-0.00033797,4.8249e-05,-3.9953e-22,0,0,0,2.0299,0.99087,0.0012884,0.5
0,0,0.064588,0.16078,9.9252e+07,263.9,-0.00028146,4.0442e-05,-3.9953e-22,0,0,0,2.0324,0.9934,0.00093304,0.5
0,0,0.070922,0.16429,9.8549e+07,262.55,-0.00022274,3.2254e-05,-1.9692e-27,0,0,0,2.0348,0.99575,0.00060072,0.5
0,0,0.085875,0.16758,9.7909e+07,267.19,-0.00014687,2.2979e-05,-5.2739e-22,0,0,0,2.037,0.99795,0.00029013,0.5
0,0,0.10275,0.16866,9.7632e+07,275.56,-4.7293e-05,7.2969e-06,-3.58e-24,0,0,0,2.0391,1,0,0.5
