"nut","nuTilda","p","wallShearStress:0","wallShearStress:1","wallShearStress:2","U:0","U:1","U:2","arc_length","Points:0","Points:1","Points:2"
0,0,0.076416,-0.00043921,-6.5662e-38,-2.395e-08,0,0,0,0,1,-0.5,0
0,0,0.073718,-0.00064175,-1.4916e-21,0.00010049,0,0,0,0.015869,0.98429,-0.5,0.00226
0,0,0.062329,-0.00087535,-3.9425e-22,0.00012142,0,0,0,0.031728,0.96859,-0.5,0.0044744
0,0,0.048785,-0.00098118,2.2168e-22,0.00013333,0,0,0,0.047573,0.95289,-0.5,0.006644
0,0,0.038474,-0.0011004,-8.7563e-22,0.00014688,0,0,0,0.0634,0.93721,-0.5,0.0087697
0,0,0.028581,-0.0011931,-4.6001e-22,0.00015619,0,0,0,0.079207,0.92154,-0.5,0.010852
0,0,0.019925,-0.0012757,-1.6254e-22,0.0001639,0,0,0,0.094988,0.90589,-0.5,0.012892
0,0,0.011922,-0.0013482,2.9748e-22,0.00017001,0,0,0,0.11074,0.89027,-0.5,0.014891
0,0,0.0046005,-0.0014209,1.9535e-23,0.00017587,0,0,0,0.12646,0.87467,-0.5,0.016848
0,0,-0.002211,-0.001487,-2.9831e-23,0.00018063,0,0,0,0.14215,0.8591,-0.5,0.018765
0,0,-0.0085697,-0.0015481,-1.5268e-22,0.00018455,0,0,0,0.15779,0.84357,-0.5,0.020641
0,0,-0.014555,-0.0016049,-1.0333e-22,0.00018773,0,0,0,0.1734,0.82807,-0.5,0.022477
0,0,-0.020219,-0.0016582,-5.4143e-26,0.00019031,0,0,0,0.18895,0.81262,-0.5,0.024273
0,0,-0.025609,-0.0017089,2.4203e-22,0.00019246,0,0,0,0.20446,0.79721,-0.5,0.02603
0,0,-0.03077,-0.0017637,-3.6325e-23,0.00019484,0,0,0,0.21991,0.78186,-0.5,0.027748
0,0,-0.035737,-0.0018158,-2.7848e-22,0.00019661,0,0,0,0.23531,0.76655,-0.5,0.029426
0,0,-0.040533,-0.001859,-7.2322e-26,0.00019722,0,0,0,0.25064,0.75131,-0.5,0.031065
0,0,-0.045183,-0.0019001,-3.8737e-22,0.00019739,0,0,0,0.2659,0.73613,-0.5,0.032664
0,0,-0.049706,-0.0019331,-3.8747e-22,0.00019658,0,0,0,0.2811,0.72101,-0.5,0.034224
0,0,-0.054115,-0.0019657,1.6857e-26,0.00019567,0,0,0,0.29623,0.70596,-0.5,0.035744
0,0,-0.058432,-0.0020044,-4.9277e-22,0.00019518,0,0,0,0.31128,0.69098,-0.5,0.037223
0,0,-0.062673,-0.0020423,-1.0175e-21,0.00019433,0,0,0,0.32625,0.67608,-0.5,0.038662
0,0,-0.066845,-0.0020797,-5.2461e-22,0.00019318,0,0,0,0.34113,0.66126,-0.5,0.04006
0,0,-0.070959,-0.0021167,1.3686e-25,0.00019176,0,0,0,0.35593,0.64653,-0.5,0.041417
0,0,-0.075022,-0.0021534,5.498e-28,0.00019004,0,0,0,0.37064,0.63188,-0.5,0.042731
0,0,-0.079042,-0.0021899,-6.4633e-22,0.00018803,0,0,0,0.38526,0.61732,-0.5,0.044003
0,0,-0.083025,-0.0022263,-1.322e-21,0.00018571,0,0,0,0.39977,0.60285,-0.5,0.045232
0,0,-0.086974,-0.0022626,7.3494e-22,0.00018308,0,0,0,0.41419,0.58849,-0.5,0.046417
0,0,-0.090894,-0.002299,1.4108e-21,0.00018013,0,0,0,0.4285,0.57422,-0.5,0.047558
0,0,-0.094788,-0.0023354,7.6446e-22,0.00017683,0,0,0,0.4427,0.56006,-0.5,0.048654
0,0,-0.098659,-0.002372,7.6437e-22,0.00017317,0,0,0,0.45679,0.54601,-0.5,0.049703
0,0,-0.10251,-0.0024087,-4.1155e-22,0.00016914,0,0,0,0.47077,0.53207,-0.5,0.050706
0,0,-0.10633,-0.0024457,-1.2645e-21,0.00016471,0,0,0,0.48462,0.51825,-0.5,0.051662
0,0,-0.11014,-0.0024829,-4.1169e-22,0.00015986,0,0,0,0.49836,0.50454,-0.5,0.05257
0,0,-0.11392,-0.0025204,4.413e-22,0.00015458,0,0,0,0.51197,0.49096,-0.5,0.053429
0,0,-0.11768,-0.0025581,4.7122e-22,0.00014884,0,0,0,0.52545,0.4775,-0.5,0.054238
0,0,-0.12142,-0.0025962,-1.5092e-23,0.00014261,0,0,0,0.5388,0.46417,-0.5,0.054997
0,0,-0.12513,-0.0026346,1.5082e-23,0.00013587,0,0,0,0.55201,0.45098,-0.5,0.055705
0,0,-0.12882,-0.0026733,-1.5471e-23,0.00012859,0,0,0,0.56509,0.43792,-0.5,0.056361
0,0,-0.13247,-0.0027123,-7.829e-22,0.00012075,0,0,0,0.57803,0.42499,-0.5,0.056965
0,0,-0.13609,-0.0027517,7.9145e-24,0.00011231,0,0,0,0.59082,0.41221,-0.5,0.057516
0,0,-0.13968,-0.0027914,5.5575e-22,0.00010326,0,0,0,0.60346,0.39958,-0.5,0.058014
0,0,-0.14322,-0.0028314,5.7156e-22,9.3549e-05,0,0,0,0.61596,0.38709,-0.5,0.058457
0,0,-0.14672,-0.0028716,2.8982e-22,8.3158e-05,0,0,0,0.6283,0.37476,-0.5,0.058845
0,0,-0.15018,-0.0029122,-2.8364e-28,7.2051e-05,0,0,0,0.64049,0.36258,-0.5,0.059178
0,0,-0.15357,-0.0029531,-7.3835e-26,6.0195e-05,0,0,0,0.65251,0.35055,-0.5,0.059456
0,0,-0.15692,-0.0029942,-1.6117e-22,4.7556e-05,0,0,0,0.66438,0.33869,-0.5,0.059677
0,0,-0.1602,-0.0030355,-1.6115e-22,3.4099e-05,0,0,0,0.67608,0.32699,-0.5,0.059842
0,0,-0.16341,-0.0030771,-1.0564e-26,1.9787e-05,0,0,0,0.68762,0.31545,-0.5,0.059951
0,0,-0.16654,-0.0031188,1.085e-23,4.5823e-06,0,0,0,0.69898,0.30409,-0.5,0.060002
0,0,-0.1696,-0.0031607,1.0854e-23,-1.1555e-05,0,0,0,0.71018,0.29289,-0.5,0.059997
0,0,-0.17257,-0.0032027,-9.1326e-23,-2.8664e-05,0,0,0,0.7212,0.28187,-0.5,0.059935
0,0,-0.17546,-0.0032448,-1.8474e-22,-4.679e-05,0,0,0,0.73204,0.27103,-0.5,0.059815
0,0,-0.17824,-0.003287,9.81e-23,-6.5975e-05,0,0,0,0.7427,0.26037,-0.5,0.059638
0,0,-0.18092,-0.0033291,-2.0052e-22,-8.6267e-05,0,0,0,0.75319,0.24989,-0.5,0.059405
0,0,-0.18349,-0.0033713,-5.9262e-22,-0.00010771,0,0,0,0.76348,0.23959,-0.5,0.059114
0,0,-0.18594,-0.0034133,2.0982e-22,-0.00013037,0,0,0,0.7736,0.22949,-0.5,0.058768
0,0,-0.18826,-0.0034552,-9.3803e-24,-0.00015429,0,0,0,0.78352,0.21957,-0.5,0.058364
0,0,-0.19045,-0.0034969,9.4863e-24,-0.00017953,0,0,0,0.79326,0.20984,-0.5,0.057906
0,0,-0.1925,-0.0035383,-9.6313e-24,-0.00020615,0,0,0,0.8028,0.20032,-0.5,0.057392
0,0,-0.19439,-0.0035794,-4.391e-22,-0.00023422,0,0,0,0.81215,0.19098,-0.5,0.056823
0,0,-0.19613,-0.0036201,2.8369e-27,-0.00026381,0,0,0,0.82131,0.18185,-0.5,0.056199
0,0,-0.1977,-0.0036604,-9.3575e-22,-0.00029501,0,0,0,0.83026,0.17292,-0.5,0.055523
0,0,-0.19908,-0.0037,-9.3691e-22,-0.00032788,0,0,0,0.83902,0.16419,-0.5,0.054793
0,0,-0.20027,-0.003739,-4.584e-25,-0.00036252,0,0,0,0.84758,0.15567,-0.5,0.054012
0,0,-0.20126,-0.0037772,-4.9776e-22,-0.00039904,0,0,0,0.85593,0.14736,-0.5,0.053179
0,0,-0.20202,-0.0038145,-4.9823e-22,-0.00043752,0,0,0,0.86408,0.13926,-0.5,0.052295
0,0,-0.20255,-0.0038507,2.9847e-39,-0.00047809,0,0,0,0.87202,0.13137,-0.5,0.051363
0,0,-0.20282,-0.0038857,4.4842e-44,-0.00052088,0,0,0,0.87976,0.12369,-0.5,0.050381
0,0,-0.20282,-0.0039192,-2.378e-25,-0.00056601,0,0,0,0.88729,0.11623,-0.5,0.049353
0,0,-0.20252,-0.0039511,-2.378e-25,-0.00061363,0,0,0,0.89461,0.10899,-0.5,0.048277
0,0,-0.2019,-0.003981,-1.1162e-21,-0.00066389,0,0,0,0.90172,0.10197,-0.5,0.047157
0,0,-0.20091,-0.0040087,-2.2512e-21,-0.00071696,0,0,0,0.90862,0.095173,-0.5,0.045992
0,0,-0.19953,-0.0040339,-1.1349e-21,-0.00077303,0,0,0,0.91531,0.088597,-0.5,0.044785
0,0,-0.1977,-0.0040561,1.1691e-21,-0.00083228,0,0,0,0.92178,0.082245,-0.5,0.043535
0,0,-0.19538,-0.0040749,1.1691e-21,-0.00089492,0,0,0,0.92804,0.07612,-0.5,0.042245
0,0,-0.19251,-0.0040897,0,-0.00096105,0,0,0,0.93408,0.070224,-0.5,0.040915
0,0,-0.18901,-0.0040994,1.2081e-21,-0.0010307,0,0,0,0.93991,0.064556,-0.5,0.039547
0,0,-0.18482,-0.0041032,1.2077e-21,-0.0011039,0,0,0,0.94553,0.059119,-0.5,0.038142
0,0,-0.1798,-0.0041042,7.9804e-25,-0.0011818,0,0,0,0.95093,0.053915,-0.5,0.0367
0,0,-0.17381,-0.004114,5.9939e-22,-0.0012693,0,0,0,0.95612,0.048943,-0.5,0.035224
0,0,-0.16671,-0.0041143,1.1937e-21,-0.0013624,0,0,0,0.96109,0.044207,-0.5,0.033715
0,0,-0.15832,-0.0040907,5.9646e-22,-0.0014549,0,0,0,0.96584,0.039706,-0.5,0.032173
0,0,-0.14842,-0.0040565,5.6401e-22,-0.0015496,0,0,0,0.97039,0.035443,-0.5,0.0306
0,0,-0.13676,-0.0040134,5.6525e-22,-0.0016487,0,0,0,0.97472,0.031417,-0.5,0.028997
0,0,-0.123,-0.0039661,4.9789e-22,-0.0017569,0,0,0,0.97885,0.02763,-0.5,0.027365
0,0,-0.10666,-0.0039269,1.3633e-21,-0.0018873,0,0,0,0.98276,0.024083,-0.5,0.025704
0,0,-0.087026,-0.0039161,5.25e-22,-0.0020632,0,0,0,0.98647,0.020777,-0.5,0.024017
0,0,-0.063248,-0.0039504,-1.1842e-22,-0.0023123,0,0,0,0.98998,0.017713,-0.5,0.022304
0,0,-0.034582,-0.0040179,2.2423e-22,-0.002647,0,0,0,0.9933,0.014891,-0.5,0.020566
0,0,-0.00040174,-0.0040754,0,-0.0030543,0,0,0,0.99642,0.012312,-0.5,0.018804
0,0,0.039868,-0.0040605,-1.4843e-24,-0.0034915,0,0,0,0.99936,0.0099763,-0.5,0.017018
0,0,0.08676,-0.0039111,-5.0536e-22,-0.0038893,0,0,0,1.0021,0.0078853,-0.5,0.01521
0,0,0.14064,-0.0035904,-1.141e-22,-0.0041715,0,0,0,1.0047,0.006039,-0.5,0.013379
0,0,0.20133,-0.003108,9.5449e-22,-0.0042847,0,0,0,1.0072,0.004438,-0.5,0.011528
0,0,0.26738,-0.0025051,-1.0006e-21,-0.0041849,0,0,0,1.0095,0.0030827,-0.5,0.0096556
0,0,0.33543,-0.0018386,-1.5622e-21,-0.0038258,0,0,0,1.0117,0.0019733,-0.5,0.0077633
0,0,0.40005,-0.0011881,7.069e-24,-0.0031858,0,0,0,1.0138,0.0011101,-0.5,0.0058512
0,0,0.45414,-0.00064501,5.2018e-22,-0.0022819,0,0,0,1.0158,0.00049344,-0.5,0.0039198
0,0,0.48983,-0.00029368,9.1835e-22,-0.0011853,0,0,0,1.0178,0.00012337,-0.5,0.0019693
0,0,0.50208,-0.00017529,1.2179e-23,6.17e-07,0,0,0,1.0198,0,-0.5,0
0,0,0.4898,-0.00029378,-9.1431e-22,0.0011865,0,0,0,1.0217,0.00012337,-0.5,-0.0019693
0,0,0.45409,-0.00064523,-5.1762e-22,0.002283,0,0,0,1.0237,0.00049344,-0.5,-0.0039198
0,0,0.39998,-0.0011884,9.8013e-24,0.0031869,0,0,0,1.0257,0.0011101,-0.5,-0.0058512
0,0,0.33535,-0.001839,1.5435e-21,0.0038268,0,0,0,1.0278,0.0019733,-0.5,-0.0077633
0,0,0.26729,-0.0025055,9.8588e-22,0.0041857,0,0,0,1.03,0.0030827,-0.5,-0.0096556
0,0,0.20123,-0.0031084,-9.44e-22,0.0042854,0,0,0,1.0324,0.004438,-0.5,-0.011528
0,0,0.14054,-0.0035909,-1.3404e-22,0.0041721,0,0,0,1.0348,0.006039,-0.5,-0.013379
0,0,0.086657,-0.0039115,2.5399e-22,0.0038897,0,0,0,1.0374,0.0078853,-0.5,-0.01521
0,0,0.039765,-0.0040609,-1.4824e-24,0.0034919,0,0,0,1.0402,0.0099763,-0.5,-0.017018
0,0,-0.00050194,-0.004076,-2.8699e-42,0.0030547,0,0,0,1.0431,0.012312,-0.5,-0.018804
0,0,-0.034676,-0.0040192,-2.2454e-22,0.0026478,0,0,0,1.0462,0.014891,-0.5,-0.020566
0,0,-0.063335,-0.0039523,1.1831e-22,0.0023135,0,0,0,1.0495,0.017713,-0.5,-0.022304
0,0,-0.087109,-0.0039178,-5.2525e-22,0.0020643,0,0,0,1.0531,0.020777,-0.5,-0.024017
0,0,-0.10675,-0.0039281,-1.364e-21,0.0018881,0,0,0,1.0568,0.024083,-0.5,-0.025704
0,0,-0.12308,-0.0039679,-4.9366e-22,0.0017579,0,0,0,1.0607,0.02763,-0.5,-0.027365
0,0,-0.13683,-0.0040165,-5.6464e-22,0.0016502,0,0,0,1.0648,0.031417,-0.5,-0.028997
0,0,-0.14849,-0.0040605,-5.678e-22,0.0015514,0,0,0,1.0691,0.035443,-0.5,-0.0306
0,0,-0.15839,-0.0040948,-5.9366e-22,0.0014566,0,0,0,1.0737,0.039706,-0.5,-0.032173
0,0,-0.16678,-0.0041188,-1.1923e-21,0.0013651,0,0,0,1.0784,0.044207,-0.5,-0.033715
0,0,-0.17387,-0.0041339,-5.9838e-22,0.0012773,0,0,0,1.0834,0.048943,-0.5,-0.035224
0,0,-0.17985,-0.0041408,1.6535e-24,0.001193,0,0,0,1.0886,0.053915,-0.5,-0.0367
0,0,-0.18488,-0.0041269,-1.2123e-21,0.0011093,0,0,0,1.094,0.059119,-0.5,-0.038142
0,0,-0.18909,-0.0041048,-1.2128e-21,0.001031,0,0,0,1.0996,0.064556,-0.5,-0.039547
0,0,-0.19258,-0.0040914,-3.6734e-40,0.00096105,0,0,0,1.1054,0.070224,-0.5,-0.040915
0,0,-0.19544,-0.0040765,-1.1692e-21,0.00089503,0,0,0,1.1115,0.07612,-0.5,-0.042245
0,0,-0.19775,-0.0040576,-1.1692e-21,0.00083251,0,0,0,1.1177,0.082245,-0.5,-0.043535
0,0,-0.19957,-0.0040351,1.1349e-21,0.00077324,0,0,0,1.1242,0.088597,-0.5,-0.044785
0,0,-0.20096,-0.0040097,2.2512e-21,0.00071712,0,0,0,1.1309,0.095173,-0.5,-0.045992
0,0,-0.20194,-0.0039818,1.1163e-21,0.00066401,0,0,0,1.1378,0.10197,-0.5,-0.047157
0,0,-0.20257,-0.0039517,-1.077e-21,0.00061372,0,0,0,1.1449,0.10899,-0.5,-0.048277
0,0,-0.20287,-0.0039198,-1.077e-21,0.00056609,0,0,0,1.1522,0.11623,-0.5,-0.049353
0,0,-0.20287,-0.0038862,1.8367e-40,0.00052094,0,0,0,1.1598,0.12369,-0.5,-0.050381
0,0,-0.20259,-0.0038512,-2.8465e-39,0.00047815,0,0,0,1.1675,0.13137,-0.5,-0.051363
0,0,-0.20206,-0.0038149,-6.2133e-39,0.00043756,0,0,0,1.1754,0.13926,-0.5,-0.052295
0,0,-0.2013,-0.0037776,4.7547e-25,0.00039907,0,0,0,1.1836,0.14736,-0.5,-0.053179
0,0,-0.20031,-0.0037393,-4.5845e-25,0.00036255,0,0,0,1.1919,0.15567,-0.5,-0.054012
0,0,-0.19912,-0.0037003,9.3606e-22,0.0003279,0,0,0,1.2005,0.16419,-0.5,-0.054793
0,0,-0.19773,-0.0036606,9.3721e-22,0.00029503,0,0,0,1.2093,0.17292,-0.5,-0.055523
0,0,-0.19616,-0.0036204,2.8354e-27,0.00026383,0,0,0,1.2182,0.18185,-0.5,-0.056199
0,0,-0.19443,-0.0035796,4.3871e-22,0.00023424,0,0,0,1.2274,0.19098,-0.5,-0.056823
0,0,-0.19253,-0.0035385,9.6323e-24,0.00020616,0,0,0,1.2367,0.20032,-0.5,-0.057392
0,0,-0.19048,-0.0034971,-4.293e-22,0.00017954,0,0,0,1.2463,0.20984,-0.5,-0.057906
0,0,-0.18829,-0.0034554,-4.1043e-22,0.0001543,0,0,0,1.256,0.21957,-0.5,-0.058364
0,0,-0.18597,-0.0034135,-4.1043e-22,0.00013038,0,0,0,1.2659,0.22949,-0.5,-0.058768
0,0,-0.18352,-0.0033714,3.9191e-22,0.00010772,0,0,0,1.276,0.23959,-0.5,-0.059114
0,0,-0.18095,-0.0033293,3.9202e-22,8.6271e-05,0,0,0,1.2863,0.24989,-0.5,-0.059405
0,0,-0.17827,-0.0032872,9.3646e-23,6.5978e-05,0,0,0,1.2968,0.26037,-0.5,-0.059638
0,0,-0.17548,-0.003245,1.848e-22,4.6792e-05,0,0,0,1.3075,0.27103,-0.5,-0.059815
0,0,-0.1726,-0.0032029,9.1237e-23,2.8666e-05,0,0,0,1.3183,0.28187,-0.5,-0.059935
0,0,-0.16963,-0.0031609,-1.0878e-23,1.1555e-05,0,0,0,1.3293,0.29289,-0.5,-0.059997
0,0,-0.16657,-0.003119,-1.0882e-23,-4.5823e-06,0,0,0,1.3405,0.30409,-0.5,-0.060002
0,0,-0.16343,-0.0030773,-1.0565e-26,-1.9788e-05,0,0,0,1.3519,0.31545,-0.5,-0.059951
0,0,-0.16022,-0.0030357,1.6121e-22,-3.4101e-05,0,0,0,1.3634,0.32699,-0.5,-0.059842
0,0,-0.15694,-0.0029944,1.6119e-22,-4.7558e-05,0,0,0,1.3751,0.33869,-0.5,-0.059677
0,0,-0.1536,-0.0029533,-7.3843e-26,-6.0198e-05,0,0,0,1.387,0.35055,-0.5,-0.059456
0,0,-0.1502,-0.0029124,-2.8264e-28,-7.2055e-05,0,0,0,1.399,0.36258,-0.5,-0.059178
0,0,-0.14675,-0.0028718,-2.8971e-22,-8.3162e-05,0,0,0,1.4112,0.37476,-0.5,-0.058845
0,0,-0.14324,-0.0028315,-2.8978e-22,-9.3555e-05,0,0,0,1.4236,0.38709,-0.5,-0.058457
0,0,-0.1397,-0.0027916,-2.7398e-22,-0.00010326,0,0,0,1.4361,0.39958,-0.5,-0.058014
0,0,-0.13611,-0.0027519,-7.6585e-24,-0.00011232,0,0,0,1.4487,0.41221,-0.5,-0.057516
0,0,-0.13249,-0.0027125,7.8324e-22,-0.00012076,0,0,0,1.4615,0.42499,-0.5,-0.056965
0,0,-0.12884,-0.0026735,1.5221e-23,-0.0001286,0,0,0,1.4744,0.43792,-0.5,-0.056361
0,0,-0.12515,-0.0026348,-5.0171e-22,-0.00013588,0,0,0,1.4875,0.45098,-0.5,-0.055705
0,0,-0.12144,-0.0025964,-4.7128e-22,-0.00014262,0,0,0,1.5007,0.46417,-0.5,-0.054997
0,0,-0.1177,-0.0025584,-4.7128e-22,-0.00014885,0,0,0,1.5141,0.4775,-0.5,-0.054238
0,0,-0.11394,-0.0025206,-4.4136e-22,-0.00015459,0,0,0,1.5276,0.49096,-0.5,-0.053429
0,0,-0.11016,-0.0024831,4.1154e-22,-0.00015988,0,0,0,1.5412,0.50454,-0.5,-0.05257
0,0,-0.10635,-0.0024459,1.2647e-21,-0.00016472,0,0,0,1.5549,0.51825,-0.5,-0.051662
0,0,-0.10253,-0.002409,4.1181e-22,-0.00016915,0,0,0,1.5688,0.53207,-0.5,-0.050706
0,0,-0.098677,-0.0023722,-7.6447e-22,-0.00017319,0,0,0,1.5827,0.54601,-0.5,-0.049703
0,0,-0.094806,-0.0023357,-7.6439e-22,-0.00017684,0,0,0,1.5968,0.56006,-0.5,-0.048654
0,0,-0.090912,-0.0022992,-1.4112e-21,-0.00018014,0,0,0,1.611,0.57422,-0.5,-0.047558
0,0,-0.086992,-0.0022629,-7.3522e-22,-0.0001831,0,0,0,1.6253,0.58849,-0.5,-0.046417
0,0,-0.083042,-0.0022265,1.3223e-21,-0.00018573,0,0,0,1.6398,0.60285,-0.5,-0.045232
0,0,-0.079059,-0.0021902,6.4614e-22,-0.00018805,0,0,0,1.6543,0.61732,-0.5,-0.044003
0,0,-0.075039,-0.0021537,5.493e-28,-0.00019006,0,0,0,1.6689,0.63188,-0.5,-0.042731
0,0,-0.070976,-0.002117,1.5728e-25,-0.00019178,0,0,0,1.6836,0.64653,-0.5,-0.041417
0,0,-0.066862,-0.00208,5.2445e-22,-0.00019321,0,0,0,1.6984,0.66126,-0.5,-0.04006
0,0,-0.062689,-0.0020426,1.0174e-21,-0.00019435,0,0,0,1.7133,0.67608,-0.5,-0.038662
0,0,-0.058451,-0.0020046,4.9312e-22,-0.00019513,0,0,0,1.7282,0.69098,-0.5,-0.037223
0,0,-0.054135,-0.0019729,4.2119e-22,-0.00019632,0,0,0,1.7433,0.70596,-0.5,-0.035744
0,0,-0.04972,-0.001941,8.0877e-22,-0.00019744,0,0,0,1.7584,0.72101,-0.5,-0.034224
0,0,-0.045195,-0.0019013,3.8769e-22,-0.00019759,0,0,0,1.7736,0.73613,-0.5,-0.032664
0,0,-0.040545,-0.0018596,-7.2348e-26,-0.00019735,0,0,0,1.7889,0.75131,-0.5,-0.031065
0,0,-0.035748,-0.0018093,2.8274e-22,-0.00019598,0,0,0,1.8042,0.76655,-0.5,-0.029426
0,0,-0.030786,-0.0017567,4.0766e-23,-0.00019403,0,0,0,1.8196,0.78186,-0.5,-0.027748
0,0,-0.025628,-0.0017085,-2.421e-22,-0.00019236,0,0,0,1.8351,0.79721,-0.5,-0.02603
0,0,-0.020235,-0.0016583,-5.4178e-26,-0.00019032,0,0,0,1.8506,0.81262,-0.5,-0.024273
0,0,-0.014571,-0.0016053,1.0342e-22,-0.00018777,0,0,0,1.8661,0.82807,-0.5,-0.022477
0,0,-0.0085853,-0.0015485,1.5294e-22,-0.00018459,0,0,0,1.8817,0.84357,-0.5,-0.020641
0,0,-0.0022264,-0.0014874,3.992e-23,-0.00018067,0,0,0,1.8974,0.8591,-0.5,-0.018765
0,0,0.0045853,-0.0014213,-9.5839e-24,-0.00017591,0,0,0,1.9131,0.87467,-0.5,-0.016848
0,0,0.011906,-0.0013487,-2.9709e-22,-0.00017006,0,0,0,1.9288,0.89027,-0.5,-0.014891
0,0,0.019911,-0.0012761,1.6248e-22,-0.00016395,0,0,0,1.9445,0.90589,-0.5,-0.012892
0,0,0.028566,-0.0011935,4.5959e-22,-0.00015624,0,0,0,1.9603,0.92154,-0.5,-0.010852
0,0,0.038461,-0.0011008,8.7525e-22,-0.00014693,0,0,0,1.9761,0.93721,-0.5,-0.0087697
0,0,0.048772,-0.0009816,-2.2167e-22,-0.00013339,0,0,0,1.992,0.95289,-0.5,-0.006644
0,0,0.062317,-0.00087576,3.9423e-22,-0.00012148,0,0,0,2.0078,0.96859,-0.5,-0.0044744
0,0,0.07371,-0.00064214,1.4912e-21,-0.00010055,0,0,0,2.0237,0.98429,-0.5,-0.00226
0,0,0.076416,-0.00043921,-6.5662e-38,-2.395e-08,0,0,0,2.0395,1,-0.5,0
