#    s        x        y     Ue/Vinf    Dstar     Theta      Cf       H       H*        P         m          K          tau         Di
   0.00000  1.00000  0.00126  0.88617  0.004906  0.002922  0.001572    1.6789    1.6625  0.00229  0.00435  0.00338
   0.00840  0.99168  0.00242  0.89905  0.004537  0.002763  0.001745    1.6421    1.6740  0.00223  0.00408  0.00336
   0.01982  0.98037  0.00398  0.91630  0.004104  0.002567  0.001983    1.5988    1.6884  0.00216  0.00376  0.00333
   0.03304  0.96727  0.00576  0.93287  0.003743  0.002392  0.002211    1.5648    1.7004  0.00208  0.00349  0.00330
   0.04772  0.95272  0.00771  0.94827  0.003444  0.002238  0.002424    1.5387    1.7101  0.00201  0.00327  0.00326
   0.06337  0.93720  0.00974  0.96207  0.003199  0.002106  0.002614    1.5192    1.7177  0.00195  0.00308  0.00322
   0.07959  0.92112  0.01182  0.97433  0.002996  0.001991  0.002784    1.5046    1.7237  0.00189  0.00292  0.00317
   0.09610  0.90474  0.01389  0.98522  0.002824  0.001891  0.002935    1.4934    1.7284  0.00184  0.00278  0.00313
   0.11275  0.88821  0.01594  0.99499  0.002676  0.001802  0.003072    1.4848    1.7322  0.00178  0.00266  0.00307
   0.12949  0.87160  0.01796  1.00387  0.002544  0.001721  0.003199    1.4779    1.7354  0.00173  0.00255  0.00302
   0.14626  0.85494  0.01994  1.01202  0.002425  0.001647  0.003317    1.4724    1.7380  0.00169  0.00245  0.00297
   0.16305  0.83827  0.02189  1.01960  0.002316  0.001578  0.003429    1.4677    1.7404  0.00164  0.00236  0.00291
   0.17984  0.82158  0.02381  1.02670  0.002214  0.001513  0.003538    1.4637    1.7424  0.00159  0.00227  0.00285
   0.19665  0.80488  0.02569  1.03342  0.002119  0.001451  0.003643    1.4603    1.7444  0.00155  0.00219  0.00279
   0.21346  0.78817  0.02753  1.03982  0.002028  0.001392  0.003748    1.4571    1.7461  0.00150  0.00211  0.00273
   0.23027  0.77146  0.02934  1.04595  0.001941  0.001335  0.003852    1.4543    1.7479  0.00146  0.00203  0.00267
   0.24707  0.75475  0.03111  1.05186  0.001857  0.001279  0.003958    1.4515    1.7496  0.00142  0.00195  0.00261
   0.26388  0.73803  0.03284  1.05758  0.001776  0.001226  0.004065    1.4489    1.7512  0.00137  0.00188  0.00254
   0.28068  0.72132  0.03453  1.06315  0.001697  0.001173  0.004174    1.4464    1.7529  0.00133  0.00180  0.00247
   0.29748  0.70460  0.03619  1.06858  0.001620  0.001122  0.004286    1.4440    1.7546  0.00128  0.00173  0.00240
   0.31427  0.68789  0.03781  1.07389  0.001544  0.001071  0.004402    1.4416    1.7563  0.00124  0.00166  0.00233
   0.33105  0.67118  0.03938  1.07909  0.001471  0.001022  0.004520    1.4395    1.7579  0.00119  0.00159  0.00226
   0.34783  0.65447  0.04092  1.08419  0.001399  0.000973  0.004639    1.4379    1.7595  0.00114  0.00152  0.00218
   0.36460  0.63777  0.04241  1.08918  0.001328  0.000924  0.004757    1.4371    1.7607  0.00110  0.00145  0.00210
   0.38135  0.62108  0.04387  1.09405  0.001261  0.000877  0.004868    1.4379    1.7615  0.00105  0.00138  0.00202
   0.39809  0.60440  0.04527  1.09878  0.001196  0.000830  0.004961    1.4415    1.7612  0.00100  0.00131  0.00194
   0.41482  0.58772  0.04663  1.10334  0.001137  0.000784  0.005015    1.4501    1.7590  0.00095  0.00125  0.00185
   0.43154  0.57106  0.04794  1.10768  0.001085  0.000739  0.004993    1.4682    1.7535  0.00091  0.00120  0.00176
   0.44823  0.55441  0.04920  1.11177  0.001048  0.000697  0.004825    1.5041    1.7419  0.00086  0.00117  0.00167
   0.46491  0.53778  0.05041  1.11573  0.001036  0.000657  0.004394    1.5758    1.7194  0.00082  0.00116  0.00157
   0.48157  0.52116  0.05156  1.12031  0.001070  0.000621  0.003541    1.7216    1.6786  0.00078  0.00120  0.00147
   0.49820  0.50456  0.05265  1.12839  0.001183  0.000586  0.002231    2.0189    1.6151  0.00075  0.00133  0.00136
   0.51481  0.48798  0.05368  1.14439  0.001385  0.000542  0.000955    2.5546    1.5475  0.00071  0.00158  0.00126
   0.53140  0.47143  0.05465  1.15882  0.001551  0.000506  0.000433    3.0625    1.5440  0.00068  0.00180  0.00122
   0.54796  0.45489  0.05555  1.16126  0.001575  0.000498  0.000359    3.1601    1.5402  0.00067  0.00183  0.00120
   0.56448  0.43839  0.05639  1.16503  0.001559  0.000488  0.000340    3.1943    1.5390  0.00066  0.00182  0.00119
   0.58098  0.42191  0.05714  1.16942  0.001523  0.000477  0.000349    3.1955    1.5390  0.00065  0.00178  0.00117
   0.59744  0.40546  0.05782  1.17422  0.001476  0.000464  0.000373    3.1787    1.5396  0.00064  0.00173  0.00116
   0.61386  0.38905  0.05842  1.17931  0.001424  0.000452  0.000409    3.1520    1.5405  0.00063  0.00168  0.00114
   0.63024  0.37268  0.05893  1.18463  0.001370  0.000439  0.000453    3.1200    1.5417  0.00062  0.00162  0.00113
   0.64657  0.35635  0.05935  1.19016  0.001314  0.000426  0.000504    3.0857    1.5430  0.00060  0.00156  0.00111
   0.66286  0.34007  0.05967  1.19586  0.001259  0.000413  0.000561    3.0509    1.5445  0.00059  0.00151  0.00109
   0.67910  0.32383  0.05989  1.20170  0.001205  0.000399  0.000623    3.0167    1.5461  0.00058  0.00145  0.00107
   0.69527  0.30766  0.06000  1.20767  0.001152  0.000386  0.000691    2.9837    1.5477  0.00056  0.00139  0.00105
   0.71139  0.29154  0.06000  1.21376  0.001100  0.000373  0.000763    2.9522    1.5493  0.00055  0.00134  0.00103
   0.72743  0.27550  0.05988  1.21995  0.001049  0.000359  0.000841    2.9223    1.5509  0.00053  0.00128  0.00101
   0.74340  0.25953  0.05963  1.22624  0.001000  0.000345  0.000924    2.8942    1.5525  0.00052  0.00123  0.00099
   0.75928  0.24366  0.05924  1.23261  0.000952  0.000332  0.001014    2.8677    1.5541  0.00050  0.00117  0.00097
   0.77506  0.22788  0.05871  1.23907  0.000904  0.000318  0.001110    2.8427    1.5557  0.00049  0.00112  0.00094
   0.79074  0.21222  0.05803  1.24560  0.000858  0.000304  0.001214    2.8193    1.5572  0.00047  0.00107  0.00092
   0.80628  0.19670  0.05718  1.25222  0.000812  0.000290  0.001328    2.7973    1.5587  0.00046  0.00102  0.00089
   0.82167  0.18135  0.05616  1.25890  0.000767  0.000276  0.001452    2.7765    1.5601  0.00044  0.00097  0.00086
   0.83688  0.16619  0.05497  1.26565  0.000723  0.000262  0.001589    2.7569    1.5616  0.00042  0.00092  0.00083
   0.85186  0.15127  0.05358  1.27246  0.000679  0.000248  0.001742    2.7384    1.5629  0.00040  0.00086  0.00080
   0.86655  0.13666  0.05200  1.27931  0.000636  0.000234  0.001913    2.7208    1.5643  0.00038  0.00081  0.00077
   0.88087  0.12246  0.05022  1.28616  0.000593  0.000219  0.002106    2.7038    1.5656  0.00036  0.00076  0.00073
   0.89470  0.10877  0.04824  1.29296  0.000550  0.000205  0.002327    2.6875    1.5670  0.00034  0.00071  0.00069
   0.90789  0.09575  0.04609  1.29961  0.000509  0.000190  0.002580    2.6714    1.5683  0.00032  0.00066  0.00066
   0.92028  0.08358  0.04381  1.30596  0.000468  0.000176  0.002871    2.6555    1.5697  0.00030  0.00061  0.00062
   0.93169  0.07242  0.04142  1.31184  0.000429  0.000163  0.003206    2.6394    1.5711  0.00028  0.00056  0.00058
   0.94200  0.06239  0.03900  1.31704  0.000393  0.000150  0.003588    2.6229    1.5726  0.00026  0.00052  0.00054
   0.95118  0.05354  0.03659  1.32134  0.000358  0.000138  0.004022    2.6060    1.5741  0.00024  0.00047  0.00050
   0.95926  0.04581  0.03424  1.32454  0.000327  0.000126  0.004512    2.5884    1.5758  0.00022  0.00043  0.00046
   0.96635  0.03910  0.03196  1.32641  0.000298  0.000116  0.005064    2.5701    1.5776  0.00020  0.00039  0.00043
   0.97255  0.03329  0.02976  1.32673  0.000271  0.000106  0.005683    2.5510    1.5795  0.00019  0.00036  0.00039
   0.97802  0.02826  0.02764  1.32522  0.000247  0.000097  0.006378    2.5311    1.5815  0.00017  0.00033  0.00036
   0.98286  0.02387  0.02560  1.32149  0.000224  0.000089  0.007158    2.5103    1.5837  0.00016  0.00030  0.00033
   0.98718  0.02003  0.02361  1.31505  0.000203  0.000082  0.008034    2.4886    1.5861  0.00014  0.00027  0.00029
   0.99107  0.01666  0.02167  1.30521  0.000184  0.000075  0.009014    2.4660    1.5887  0.00013  0.00024  0.00026
   0.99460  0.01369  0.01977  1.29105  0.000166  0.000068  0.010106    2.4426    1.5914  0.00011  0.00021  0.00023
   0.99781  0.01108  0.01789  1.27134  0.000150  0.000062  0.011307    2.4183    1.5944  0.00010  0.00019  0.00020
   1.00078  0.00879  0.01602  1.24446  0.000135  0.000057  0.012601    2.3934    1.5975  0.00009  0.00017  0.00017
   1.00352  0.00678  0.01415  1.20832  0.000122  0.000051  0.013946    2.3680    1.6008  0.00008  0.00015  0.00015
   1.00607  0.00505  0.01227  1.16036  0.000110  0.000047  0.015253    2.3426    1.6042  0.00006  0.00013  0.00012
   1.00847  0.00358  0.01038  1.09765  0.000099  0.000043  0.016368    2.3179    1.6077  0.00005  0.00011  0.00009
   1.01072  0.00236  0.00848  1.01726  0.000090  0.000039  0.017086    2.2938    1.6112  0.00004  0.00009  0.00007
   1.01286  0.00140  0.00657  0.91725  0.000083  0.000036  0.017075    2.2738    1.6142  0.00003  0.00008  0.00005
   1.01490  0.00070  0.00466  0.79750  0.000077  0.000034  0.016227    2.2530    1.6173  0.00002  0.00006  0.00003
   1.01685  0.00024  0.00276  0.66139  0.000074  0.000033  0.014197    2.2442    1.6187  0.00001  0.00005  0.00002
   1.01872  0.00003  0.00091  0.51508  0.000071  0.000032  0.011557    2.2271    1.6215  0.00001  0.00004  0.00001
   1.02053  0.00003 -0.00091  0.36626  0.000071  0.000032  0.008149    2.2373    1.6198  0.00000  0.00003  0.00000
   1.02240  0.00024 -0.00276  0.21062  0.000071  0.000032  0.004789    2.2219    1.6223  0.00000  0.00001  0.00000
   1.02434  0.00070 -0.00466  0.05393  0.000076  0.000034  0.001142    2.2295    1.6211  0.00000  0.00000  0.00000
   1.02638  0.00140 -0.00657 -0.09650  0.000076  0.000034  0.002043    2.2295    1.6211  0.00000 -0.00001 -0.00000
   1.02852  0.00236 -0.00848 -0.23503  0.000083  0.000037  0.004445    2.2489    1.6180  0.00000 -0.00002 -0.00000
   1.03078  0.00358 -0.01038 -0.35756  0.000089  0.000040  0.006378    2.2410    1.6192  0.00001 -0.00003 -0.00000
   1.03317  0.00505 -0.01227 -0.46443  0.000097  0.000043  0.007368    2.2680    1.6150  0.00001 -0.00005 -0.00001
   1.03573  0.00678 -0.01415 -0.55570  0.000106  0.000047  0.008078    2.2703    1.6147  0.00001 -0.00006 -0.00001
   1.03847  0.00879 -0.01602 -0.63388  0.000117  0.000051  0.008238    2.2890    1.6119  0.00002 -0.00007 -0.00002
   1.04143  0.01108 -0.01789 -0.70046  0.000128  0.000056  0.008230    2.2994    1.6104  0.00003 -0.00009 -0.00003
   1.04465  0.01369 -0.01977 -0.75762  0.000140  0.000061  0.008008    2.3135    1.6083  0.00003 -0.00011 -0.00004
   1.04817  0.01666 -0.02167 -0.80688  0.000153  0.000066  0.007693    2.3261    1.6065  0.00004 -0.00012 -0.00006
   1.05206  0.02003 -0.02361 -0.84965  0.000168  0.000072  0.007310    2.3389    1.6047  0.00005 -0.00014 -0.00007
   1.05638  0.02387 -0.02560 -0.88706  0.000184  0.000078  0.006893    2.3515    1.6030  0.00006 -0.00016 -0.00009
   1.06122  0.02826 -0.02764 -0.91998  0.000201  0.000085  0.006460    2.3638    1.6014  0.00007 -0.00018 -0.00011
   1.06669  0.03329 -0.02976 -0.94911  0.000220  0.000092  0.006023    2.3761    1.5997  0.00008 -0.00021 -0.00013
   1.07290  0.03910 -0.03196 -0.97496  0.000240  0.000101  0.005592    2.3882    1.5982  0.00010 -0.00023 -0.00015
   1.07998  0.04581 -0.03424 -0.99792  0.000262  0.000109  0.005173    2.4001    1.5966  0.00011 -0.00026 -0.00017
   1.08806  0.05354 -0.03659 -1.01821  0.000287  0.000119  0.004769    2.4120    1.5951  0.00012 -0.00029 -0.00020
   1.09724  0.06239 -0.03900 -1.03598  0.000314  0.000129  0.004388    2.4238    1.5937  0.00014 -0.00032 -0.00023
   1.10756  0.07242 -0.04142 -1.05131  0.000342  0.000141  0.004032    2.4355    1.5923  0.00016 -0.00036 -0.00026
   1.11897  0.08358 -0.04381 -1.06427  0.000373  0.000152  0.003705    2.4470    1.5909  0.00017 -0.00040 -0.00029
   1.13135  0.09575 -0.04609 -1.07501  0.000404  0.000164  0.003410    2.4582    1.5896  0.00019 -0.00043 -0.00032
   1.14454  0.10877 -0.04824 -1.08372  0.000437  0.000177  0.003146    2.4693    1.5883  0.00021 -0.00047 -0.00036
   1.15837  0.12246 -0.05022 -1.09064  0.000470  0.000189  0.002910    2.4802    1.5871  0.00023 -0.00051 -0.00039
   1.17269  0.13666 -0.05200 -1.09603  0.000503  0.000202  0.002701    2.4910    1.5859  0.00024 -0.00055 -0.00042
   1.18738  0.15127 -0.05358 -1.10013  0.000536  0.000214  0.002515    2.5017    1.5847  0.00026 -0.00059 -0.00045
   1.20236  0.16619 -0.05497 -1.10314  0.000569  0.000226  0.002347    2.5124    1.5835  0.00028 -0.00063 -0.00048
   1.21757  0.18135 -0.05616 -1.10524  0.000602  0.000239  0.002196    2.5233    1.5824  0.00029 -0.00067 -0.00051
   1.23296  0.19670 -0.05718 -1.10658  0.000635  0.000251  0.002060    2.5342    1.5812  0.00031 -0.00070 -0.00054
   1.24851  0.21222 -0.05803 -1.10728  0.000668  0.000263  0.001935    2.5453    1.5801  0.00032 -0.00074 -0.00056
   1.26418  0.22788 -0.05871 -1.10744  0.000702  0.000274  0.001821    2.5565    1.5789  0.00034 -0.00078 -0.00059
   1.27996  0.24366 -0.05924 -1.10714  0.000735  0.000286  0.001716    2.5680    1.5778  0.00035 -0.00081 -0.00061
   1.29584  0.25953 -0.05963 -1.10644  0.000768  0.000298  0.001619    2.5796    1.5766  0.00036 -0.00085 -0.00064
   1.31181  0.27550 -0.05988 -1.10541  0.000802  0.000309  0.001529    2.5915    1.5755  0.00038 -0.00089 -0.00066
   1.32785  0.29154 -0.06000 -1.10408  0.000836  0.000321  0.001446    2.6037    1.5743  0.00039 -0.00092 -0.00068
   1.34397  0.30766 -0.06000 -1.10250  0.000869  0.000332  0.001367    2.6161    1.5732  0.00040 -0.00096 -0.00070
   1.36015  0.32383 -0.05989 -1.10071  0.000904  0.000344  0.001294    2.6288    1.5720  0.00042 -0.00099 -0.00072
   1.37638  0.34007 -0.05967 -1.09874  0.000938  0.000355  0.001226    2.6417    1.5709  0.00043 -0.00103 -0.00074
   1.39267  0.35635 -0.05935 -1.09660  0.000973  0.000366  0.001161    2.6549    1.5697  0.00044 -0.00107 -0.00076
   1.40900  0.37268 -0.05893 -1.09433  0.001008  0.000378  0.001101    2.6684    1.5686  0.00045 -0.00110 -0.00078
   1.42538  0.38905 -0.05842 -1.09193  0.001043  0.000389  0.001043    2.6823    1.5674  0.00046 -0.00114 -0.00079
   1.44181  0.40546 -0.05782 -1.08944  0.001079  0.000400  0.000989    2.6964    1.5662  0.00048 -0.00118 -0.00081
   1.45826  0.42191 -0.05714 -1.08686  0.001116  0.000411  0.000938    2.7109    1.5651  0.00049 -0.00121 -0.00083
   1.47476  0.43839 -0.05639 -1.08420  0.001152  0.000423  0.000889    2.7258    1.5639  0.00050 -0.00125 -0.00084
   1.49129  0.45489 -0.05555 -1.08148  0.001189  0.000434  0.000843    2.7411    1.5627  0.00051 -0.00129 -0.00086
   1.50784  0.47143 -0.05465 -1.07870  0.001227  0.000445  0.000798    2.7569    1.5616  0.00052 -0.00132 -0.00087
   1.52443  0.48798 -0.05368 -1.07588  0.001265  0.000456  0.000756    2.7732    1.5604  0.00053 -0.00136 -0.00089
   1.54104  0.50456 -0.05265 -1.07301  0.001304  0.000467  0.000716    2.7901    1.5592  0.00054 -0.00140 -0.00090
   1.55768  0.52116 -0.05156 -1.07011  0.001344  0.000479  0.000677    2.8077    1.5580  0.00055 -0.00144 -0.00091
   1.57433  0.53778 -0.05041 -1.06718  0.001384  0.000490  0.000639    2.8260    1.5567  0.00056 -0.00148 -0.00093
   1.59101  0.55441 -0.04920 -1.06421  0.001426  0.000501  0.000603    2.8453    1.5555  0.00057 -0.00152 -0.00094
   1.60771  0.57106 -0.04794 -1.06123  0.001468  0.000512  0.000567    2.8656    1.5542  0.00058 -0.00156 -0.00095
   1.62442  0.58772 -0.04663 -1.05821  0.001512  0.000524  0.000533    2.8872    1.5529  0.00059 -0.00160 -0.00096
   1.64115  0.60440 -0.04527 -1.05517  0.001557  0.000535  0.000499    2.9102    1.5516  0.00060 -0.00164 -0.00097
   1.65789  0.62108 -0.04387 -1.05211  0.001603  0.000546  0.000466    2.9349    1.5502  0.00060 -0.00169 -0.00099
   1.67465  0.63777 -0.04241 -1.04903  0.001652  0.000558  0.000433    2.9616    1.5488  0.00061 -0.00173 -0.00100
   1.69141  0.65447 -0.04092 -1.04592  0.001702  0.000569  0.000400    2.9907    1.5473  0.00062 -0.00178 -0.00101
   1.70819  0.67118 -0.03938 -1.04280  0.001755  0.000581  0.000368    3.0225    1.5458  0.00063 -0.00183 -0.00102
   1.72497  0.68789 -0.03781 -1.03966  0.001811  0.000592  0.000335    3.0575    1.5442  0.00064 -0.00188 -0.00103
   1.74177  0.70460 -0.03619 -1.03651  0.001870  0.000604  0.000303    3.0960    1.5426  0.00065 -0.00194 -0.00104
   1.75856  0.72132 -0.03453 -1.03336  0.001933  0.000616  0.000271    3.1383    1.5410  0.00066 -0.00200 -0.00105
   1.77536  0.73803 -0.03284 -1.03021  0.001999  0.000628  0.000239    3.1846    1.5394  0.00067 -0.00206 -0.00106
   1.79217  0.75475 -0.03111 -1.02710  0.002068  0.000639  0.000208    3.2346    1.5378  0.00067 -0.00212 -0.00107
   1.80898  0.77146 -0.02934 -1.02404  0.002140  0.000651  0.000179    3.2873    1.5363  0.00068 -0.00219 -0.00107
   1.82579  0.78817 -0.02753 -1.02106  0.002213  0.000663  0.000152    3.3403    1.5349  0.00069 -0.00226 -0.00108
   1.84259  0.80488 -0.02569 -1.01819  0.002284  0.000674  0.000129    3.3895    1.5338  0.00070 -0.00233 -0.00109
   1.85940  0.82158 -0.02381 -1.01546  0.002346  0.000685  0.000113    3.4269    1.5331  0.00071 -0.00238 -0.00110
   1.87620  0.83827 -0.02189 -1.01294  0.002389  0.000695  0.000107    3.4385    1.5329  0.00071 -0.00242 -0.00111
   1.89299  0.85494 -0.01994 -1.01077  0.002392  0.000704  0.000120    3.3980    1.5337  0.00072 -0.00242 -0.00111
   1.90976  0.87160 -0.01796 -1.00586  0.002300  0.000724  0.000205    3.1783    1.5099  0.00073 -0.00231 -0.00111
   1.92649  0.88821 -0.01594 -0.98622  0.002033  0.000800  0.000654    2.5417    1.5414  0.00078 -0.00201 -0.00118
   1.94315  0.90474 -0.01389 -0.97070  0.001790  0.000865  0.001394    2.0690    1.5982  0.00082 -0.00174 -0.00126
   1.95966  0.92112 -0.01182 -0.96055  0.001653  0.000917  0.002101    1.8019    1.6510  0.00085 -0.00159 -0.00134
   1.97587  0.93720 -0.00974 -0.95189  0.001610  0.000970  0.002576    1.6597    1.6873  0.00088 -0.00153 -0.00141
   1.99152  0.95272 -0.00771 -0.94232  0.001633  0.001030  0.002812    1.5854    1.7088  0.00091 -0.00154 -0.00147
   2.00620  0.96727 -0.00576 -0.93075  0.001706  0.001101  0.002860    1.5499    1.7192  0.00095 -0.00159 -0.00153
   2.01942  0.98037 -0.00398 -0.91681  0.001822  0.001184  0.002773    1.5395    1.7215  0.00099 -0.00167 -0.00157
   2.03084  0.99168 -0.00242 -0.89938  0.001994  0.001286  0.002567    1.5506    1.7162  0.00104 -0.00179 -0.00161
   2.03924  1.00000 -0.00126 -0.88617  0.002139  0.001369  0.002406    1.5626    1.7112  0.00108 -0.00190 -0.00163
   2.03924  1.00010 -0.00000  0.88617  0.009541  0.004291  0.000000    2.2234
   2.04764  1.00850  0.00001  0.86406  0.008295  0.004746  0.000000    1.7479
   2.05721  1.01807  0.00003  0.88041  0.007242  0.004429  0.000000    1.6354
   2.06811  1.02897  0.00008  0.89527  0.006460  0.004170  0.000000    1.5492
   2.08053  1.04139  0.00014  0.90833  0.005866  0.003963  0.000000    1.4802
   2.09468  1.05553  0.00022  0.91967  0.005402  0.003797  0.000000    1.4227
   2.11079  1.07165  0.00034  0.92949  0.005029  0.003662  0.000000    1.3731
   2.12915  1.09000  0.00048  0.93803  0.004721  0.003552  0.000000    1.3292
   2.15005  1.11091  0.00067  0.94552  0.004462  0.003460  0.000000    1.2899
   2.17387  1.13472  0.00090  0.95212  0.004242  0.003382  0.000000    1.2543
   2.20100  1.16185  0.00120  0.95799  0.004051  0.003315  0.000000    1.2220
   2.23190  1.19275  0.00156  0.96322  0.003886  0.003258  0.000000    1.1928
   2.26711  1.22796  0.00201  0.96789  0.003742  0.003208  0.000000    1.1666
   2.30721  1.26805  0.00257  0.97208  0.003618  0.003165  0.000000    1.1432
   2.35289  1.31373  0.00325  0.97581  0.003510  0.003127  0.000000    1.1225
   2.40493  1.36576  0.00407  0.97915  0.003417  0.003094  0.000000    1.1046
   2.46420  1.42502  0.00507  0.98211  0.003338  0.003065  0.000000    1.0891
   2.53172  1.49253  0.00628  0.98473  0.003271  0.003040  0.000000    1.0760
   2.60863  1.56943  0.00773  0.98704  0.003214  0.003018  0.000000    1.0649
   2.69625  1.65703  0.00948  0.98906  0.003166  0.002999  0.000000    1.0556
   2.79605  1.75681  0.01156  0.99081  0.003126  0.002983  0.000000    1.0479
   2.90974  1.87047  0.01405  0.99233  0.003093  0.002969  0.000000    1.0415
   3.03924  1.99994  0.01701  0.99371  0.003064  0.002957  0.000000    1.0363
